M_sigma	S	Q_alpha	motif_ratio_summary	motif_ratio
0	0	Inf	0	1
0	0.05	Inf	0	1
0	0.1	Inf	0	0.9999999999999999
0	0.2	Inf	0	1
0	0.4	Inf	0	0.9999999999999999
0	0.8	Inf	0	0.9999999999999998
0.01	0	Inf	0	1
0.01	0.05	Inf	0	0.9988777125139057
0.01	0.1	Inf	0	0.9981450717363183
0.01	0.2	Inf	0	0.9945972646884691
0.01	0.4	Inf	0	0.9887169269359631
0.01	0.8	Inf	0	0.9793334131311854
0.02	0	Inf	0	1
0.02	0.05	Inf	0	0.998272220713576
0.02	0.1	Inf	0	0.9970442337765901
0.02	0.2	Inf	0	0.9888491486416587
0.02	0.4	Inf	0	0.9850033626223108
0.02	0.8	Inf	0	0.9772179125122528
0.03	0	Inf	0	1
0.03	0.05	Inf	0	0.997607520625995
0.03	0.1	Inf	0	0.9926909865069968
0.03	0.2	Inf	0	0.9869192393611315
0.03	0.4	Inf	0	0.9787689573416881
0.03	0.8	Inf	0	0.967103993423062
0.04	0	Inf	0	1
0.04	0.05	Inf	0	0.9978701997531247
0.04	0.1	Inf	0	0.9918103045218285
0.04	0.2	Inf	0	0.9873154616345583
0.04	0.4	Inf	0	0.9630336774833534
0.04	0.8	Inf	0	0.9526290626000621
0.05	0	Inf	0	1
0.05	0.05	Inf	0	0.9953784559029558
0.05	0.1	Inf	0	0.990486662171084
0.05	0.2	Inf	0	0.9838320190002342
0.05	0.4	Inf	0	0.9572970960088574
0.05	0.8	Inf	0	0.9455617291378527
0.06	0	Inf	0	1
0.06	0.05	Inf	0	0.9946132883242931
0.06	0.1	Inf	0	0.9851774270947079
0.06	0.2	Inf	0	0.9835685260236787
0.06	0.4	Inf	0	0.9798470383847505
0.06	0.8	Inf	0	0.9270790623862324
0.07	0	Inf	0	1
0.07	0.05	Inf	0	0.9936515655511189
0.07	0.1	Inf	0	0.9848376735534347
0.07	0.2	Inf	0	0.9700747661463565
0.07	0.4	Inf	0	0.9576877368569408
0.07	0.8	Inf	0	0.9214997568831915
0.08	0	Inf	0	1
0.08	0.05	Inf	0	0.9938881106610851
0.08	0.1	Inf	0	0.9877995392690955
0.08	0.2	Inf	0	0.9764697216369609
0.08	0.4	Inf	0	0.9017626985158194
0.08	0.8	Inf	0	0.8864059460999267
0.09	0	Inf	0	1
0.09	0.05	Inf	0	0.9922568812307738
0.09	0.1	Inf	0	0.985257720321401
0.09	0.2	Inf	0	0.9810847266881733
0.09	0.4	Inf	0	0.9491617768128591
0.09	0.8	Inf	0	0.8381184413080591
0.1	0	Inf	0	1
0.1	0.05	Inf	0	0.9915772100044186
0.1	0.1	Inf	0	0.9793054591216623
0.1	0.2	Inf	0	0.9504550879665089
0.1	0.4	Inf	0	0.9246499227872083
0.1	0.8	Inf	0	0.8297540894407233
0.11	0	Inf	0	1
0.11	0.05	Inf	0	0.9880682381433417
0.11	0.1	Inf	0	0.9768269026623619
0.11	0.2	Inf	0	0.9739348697924332
0.11	0.4	Inf	0	0.9508363653202754
0.11	0.8	Inf	0	0.8684784871695751
0.12	0	Inf	0	1
0.12	0.05	Inf	0	0.9889773957831378
0.12	0.1	Inf	0	0.9799181868954872
0.12	0.2	Inf	0	0.9541819355941876
0.12	0.4	Inf	0	0.9295134247005948
0.12	0.8	Inf	0	0.8794603418396797
0.13	0	Inf	0	1
0.13	0.05	Inf	0	0.9852496045131134
0.13	0.1	Inf	0	0.9762465714241038
0.13	0.2	Inf	0	0.9672764451420541
0.13	0.4	Inf	0	0.9011207479064994
0.13	0.8	Inf	0	0.8652371935323385
0.14	0	Inf	0	1
0.14	0.05	Inf	0	0.9900482777087172
0.14	0.1	Inf	0	0.9766162217839559
0.14	0.2	Inf	0	0.9502208137540384
0.14	0.4	Inf	0	0.9257286082800884
0.14	0.8	Inf	0	0.8553095424625394
0.15	0	Inf	0	1
0.15	0.05	Inf	0	0.9795089591006318
0.15	0.1	Inf	0	0.9724252033636127
0.15	0.2	Inf	0	0.937861924887124
0.15	0.4	Inf	0	0.9160432944383647
0.15	0.8	Inf	0	0.8087924466237367
0.16	0	Inf	0	1
0.16	0.05	Inf	0	0.9880074368529838
0.16	0.1	Inf	0	0.9765980782137608
0.16	0.2	Inf	0	0.9424830104570776
0.16	0.4	Inf	0	0.8593242594406026
0.16	0.8	Inf	0	0.8216728096989171
0.17	0	Inf	0	1
0.17	0.05	Inf	0	0.9830324866802987
0.17	0.1	Inf	0	0.975616861329389
0.17	0.2	Inf	0	0.9363556740162339
0.17	0.4	Inf	0	0.9023677214457047
0.17	0.8	Inf	0	0.8613147219274112
0.18	0	Inf	0	1
0.18	0.05	Inf	0	0.9868695714161378
0.18	0.1	Inf	0	0.9720270955933877
0.18	0.2	Inf	0	0.9298232492527367
0.18	0.4	Inf	0	0.8713700017778361
0.18	0.8	Inf	0	0.8322343162251056
0.19	0	Inf	0	1
0.19	0.05	Inf	0	0.9895846352386849
0.19	0.1	Inf	0	0.9528391350282774
0.19	0.2	Inf	0	0.9617770286022617
0.19	0.4	Inf	0	0.8795438045978164
0.19	0.8	Inf	0	0.8245685804651386
0.2	0	Inf	0	1
0.2	0.05	Inf	0	0.9858488841531298
0.2	0.1	Inf	0	0.9662386341707779
0.2	0.2	Inf	0	0.9217993960149533
0.2	0.4	Inf	0	0.8899768591404117
0.2	0.8	Inf	0	0.7731873645142265
0.21	0	Inf	0	1
0.21	0.05	Inf	0	0.9861106482573586
0.21	0.1	Inf	0	0.9660444383888774
0.21	0.2	Inf	0	0.9329022447978698
0.21	0.4	Inf	0	0.903770491573043
0.21	0.8	Inf	0	0.7498636143425954
0.22	0	Inf	0	1
0.22	0.05	Inf	0	0.9813460731589452
0.22	0.1	Inf	0	0.9688808038799694
0.22	0.2	Inf	0	0.9363431656675572
0.22	0.4	Inf	0	0.8750687127140492
0.22	0.8	Inf	0	0.7055198158230288
0.23	0	Inf	0	1
0.23	0.05	Inf	0	0.9797817431209449
0.23	0.1	Inf	0	0.9523181071621742
0.23	0.2	Inf	0	0.9243238612126045
0.23	0.4	Inf	0	0.911708481496736
0.23	0.8	Inf	0	0.7659070222385636
0.24	0	Inf	0	1
0.24	0.05	Inf	0	0.9818576372926694
0.24	0.1	Inf	0	0.9626745910927388
0.24	0.2	Inf	0	0.9099040791900379
0.24	0.4	Inf	0	0.8563661940010492
0.24	0.8	Inf	0	0.6864284204115675
0.25	0	Inf	0	1
0.25	0.05	Inf	0	0.981877973367553
0.25	0.1	Inf	0	0.9720576293261708
0.25	0.2	Inf	0	0.9114975319674392
0.25	0.4	Inf	0	0.8887616606936903
0.25	0.8	Inf	0	0.6798748119420623
0.26	0	Inf	0	1
0.26	0.05	Inf	0	0.9775660170662558
0.26	0.1	Inf	0	0.9583041506060339
0.26	0.2	Inf	0	0.9463875291260108
0.26	0.4	Inf	0	0.8211127236461179
0.26	0.8	Inf	0	0.6268673228399467
0.27	0	Inf	0	1
0.27	0.05	Inf	0	0.9864851593639252
0.27	0.1	Inf	0	0.9597754241550444
0.27	0.2	Inf	0	0.943461471979259
0.27	0.4	Inf	0	0.8488534665468528
0.27	0.8	Inf	0	0.7466006179682894
0.28	0	Inf	0	1
0.28	0.05	Inf	0	0.9736145184618
0.28	0.1	Inf	0	0.970393729884212
0.28	0.2	Inf	0	0.9298017561992649
0.28	0.4	Inf	0	0.7826892906155001
0.28	0.8	Inf	0	0.6300206698731162
0.29	0	Inf	0	1
0.29	0.05	Inf	0	0.9837351247982189
0.29	0.1	Inf	0	0.9517310863327361
0.29	0.2	Inf	0	0.9236123431806516
0.29	0.4	Inf	0	0.8015780991516034
0.29	0.8	Inf	0	0.6957130276473754
0.3	0	Inf	0	1
0.3	0.05	Inf	0	0.9832360200349521
0.3	0.1	Inf	0	0.9591034610018758
0.3	0.2	Inf	0	0.925033905367379
0.3	0.4	Inf	0	0.7890475020310609
0.3	0.8	Inf	0	0.6697656229033842
0.31	0	Inf	0	1
0.31	0.05	Inf	0	0.9798197193536039
0.31	0.1	Inf	0	0.9546508376242155
0.31	0.2	Inf	0	0.9564632258083087
0.31	0.4	Inf	0	0.82650271568982
0.31	0.8	Inf	0	0.6775226469049037
0.32	0	Inf	0	1
0.32	0.05	Inf	0	0.9721776090464048
0.32	0.1	Inf	0	0.9654072807788423
0.32	0.2	Inf	0	0.8805525696216007
0.32	0.4	Inf	0	0.8613984373041669
0.32	0.8	Inf	0	0.6476380552181623
0.33	0	Inf	0	1
0.33	0.05	Inf	0	0.9800709892187981
0.33	0.1	Inf	0	0.9470928268699476
0.33	0.2	Inf	0	0.920196733638687
0.33	0.4	Inf	0	0.8014920959824317
0.33	0.8	Inf	0	0.7236856361392144
0.34	0	Inf	0	1
0.34	0.05	Inf	0	0.9833413097552803
0.34	0.1	Inf	0	0.9430237902173131
0.34	0.2	Inf	0	0.9240110108145857
0.34	0.4	Inf	0	0.8293364214414145
0.34	0.8	Inf	0	0.5793803831630666
0.35	0	Inf	0	1
0.35	0.05	Inf	0	0.9768322596115084
0.35	0.1	Inf	0	0.9509098537868449
0.35	0.2	Inf	0	0.9164724281380976
0.35	0.4	Inf	0	0.8521367378667442
0.35	0.8	Inf	0	0.6888855970685047
0.36	0	Inf	0	1
0.36	0.05	Inf	0	0.9761423108505998
0.36	0.1	Inf	0	0.9389893570881419
0.36	0.2	Inf	0	0.9164551831189698
0.36	0.4	Inf	0	0.8660649700575255
0.36	0.8	Inf	0	0.6190100414121661
0.37	0	Inf	0	1
0.37	0.05	Inf	0	0.9714816775192153
0.37	0.1	Inf	0	0.9559874962035778
0.37	0.2	Inf	0	0.8862223692526947
0.37	0.4	Inf	0	0.836763816289558
0.37	0.8	Inf	0	0.675710690356184
0.38	0	Inf	0	1
0.38	0.05	Inf	0	0.9735663532217256
0.38	0.1	Inf	0	0.9645918326117634
0.38	0.2	Inf	0	0.9229229030058275
0.38	0.4	Inf	0	0.7970412934461567
0.38	0.8	Inf	0	0.7118543538852741
0.39	0	Inf	0	1
0.39	0.05	Inf	0	0.9698408360010792
0.39	0.1	Inf	0	0.9441065247007153
0.39	0.2	Inf	0	0.8919386460532787
0.39	0.4	Inf	0	0.798269804834982
0.39	0.8	Inf	0	0.6165858792384553
0.4	0	Inf	0	1
0.4	0.05	Inf	0	0.9802679705739631
0.4	0.1	Inf	0	0.9464707511199517
0.4	0.2	Inf	0	0.9065225794080168
0.4	0.4	Inf	0	0.7446964503902597
0.4	0.8	Inf	0	0.6039063248573512
0.41	0	Inf	0	1
0.41	0.05	Inf	0	0.9764533015345374
0.41	0.1	Inf	0	0.9531614460241724
0.41	0.2	Inf	0	0.8916664196874711
0.41	0.4	Inf	0	0.7926689025246682
0.41	0.8	Inf	0	0.6132976285278259
0.42	0	Inf	0	1
0.42	0.05	Inf	0	0.9800338393132972
0.42	0.1	Inf	0	0.9399877735303548
0.42	0.2	Inf	0	0.9009034384901674
0.42	0.4	Inf	0	0.8426248869096242
0.42	0.8	Inf	0	0.610555466205329
0.43	0	Inf	0	1
0.43	0.05	Inf	0	0.9750023201555538
0.43	0.1	Inf	0	0.9433857630683312
0.43	0.2	Inf	0	0.9080851405102726
0.43	0.4	Inf	0	0.7743436629982151
0.43	0.8	Inf	0	0.519946276322014
0.44	0	Inf	0	1
0.44	0.05	Inf	0	0.9724647929885385
0.44	0.1	Inf	0	0.9499989215540516
0.44	0.2	Inf	0	0.8921467869511246
0.44	0.4	Inf	0	0.8015186660877203
0.44	0.8	Inf	0	0.5544299263994247
0.45	0	Inf	0	1
0.45	0.05	Inf	0	0.9743177371373452
0.45	0.1	Inf	0	0.9535902049566897
0.45	0.2	Inf	0	0.8902500330040463
0.45	0.4	Inf	0	0.8155295748273761
0.45	0.8	Inf	0	0.5695050931028924
0.46	0	Inf	0	1
0.46	0.05	Inf	0	0.9716650390561429
0.46	0.1	Inf	0	0.9316739404018638
0.46	0.2	Inf	0	0.8730329728377915
0.46	0.4	Inf	0	0.7922679666736039
0.46	0.8	Inf	0	0.5675903218386099
0.47	0	Inf	0	1
0.47	0.05	Inf	0	0.9690243353209248
0.47	0.1	Inf	0	0.956216402642684
0.47	0.2	Inf	0	0.9281367376944508
0.47	0.4	Inf	0	0.7320888261270572
0.47	0.8	Inf	0	0.49917345951990855
0.48	0	Inf	0	1
0.48	0.05	Inf	0	0.9725159469781128
0.48	0.1	Inf	0	0.9567457710452959
0.48	0.2	Inf	0	0.8773029766150303
0.48	0.4	Inf	0	0.794054336467125
0.48	0.8	Inf	0	0.665644949087658
0.49	0	Inf	0	1
0.49	0.05	Inf	0	0.9683090983670205
0.49	0.1	Inf	0	0.9358939351269419
0.49	0.2	Inf	0	0.8870694710399157
0.49	0.4	Inf	0	0.8534945571642748
0.49	0.8	Inf	0	0.6232028617807243
0.5	0	Inf	0	1
0.5	0.05	Inf	0	0.9821757665943225
0.5	0.1	Inf	0	0.9332803131343393
0.5	0.2	Inf	0	0.8870132656738754
0.5	0.4	Inf	0	0.7801766864583165
0.5	0.8	Inf	0	0.5674733377019583
0.51	0	Inf	0	1
0.51	0.05	Inf	0	0.9739820585705921
0.51	0.1	Inf	0	0.9457506260716442
0.51	0.2	Inf	0	0.8803676785972783
0.51	0.4	Inf	0	0.7709253572529394
0.51	0.8	Inf	0	0.506040999083209
0.52	0	Inf	0	1
0.52	0.05	Inf	0	0.9711420595951848
0.52	0.1	Inf	0	0.9240364352407646
0.52	0.2	Inf	0	0.8829000265236165
0.52	0.4	Inf	0	0.7151345262754613
0.52	0.8	Inf	0	0.5912750534452826
0.53	0	Inf	0	1
0.53	0.05	Inf	0	0.9722014093151772
0.53	0.1	Inf	0	0.9362454923922298
0.53	0.2	Inf	0	0.9007833269821856
0.53	0.4	Inf	0	0.7177905591818825
0.53	0.8	Inf	0	0.45969348694987977
0.54	0	Inf	0	1
0.54	0.05	Inf	0	0.9775251001335734
0.54	0.1	Inf	0	0.9500328799076485
0.54	0.2	Inf	0	0.850100219149965
0.54	0.4	Inf	0	0.7243605919487305
0.54	0.8	Inf	0	0.6500414753936001
0.55	0	Inf	0	1
0.55	0.05	Inf	0	0.9691582496655444
0.55	0.1	Inf	0	0.9431526840934
0.55	0.2	Inf	0	0.8807283228952107
0.55	0.4	Inf	0	0.8127289748347798
0.55	0.8	Inf	0	0.636783968119202
0.56	0	Inf	0	1
0.56	0.05	Inf	0	0.9662130991871108
0.56	0.1	Inf	0	0.9505223008265501
0.56	0.2	Inf	0	0.8995731304466865
0.56	0.4	Inf	0	0.7609718827947101
0.56	0.8	Inf	0	0.6894135508126809
0.57	0	Inf	0	1
0.57	0.05	Inf	0	0.9619057076576593
0.57	0.1	Inf	0	0.9397798016889335
0.57	0.2	Inf	0	0.898660686904361
0.57	0.4	Inf	0	0.7973008425904933
0.57	0.8	Inf	0	0.41219755819137455
0.58	0	Inf	0	1
0.58	0.05	Inf	0	0.9674202476159283
0.58	0.1	Inf	0	0.9274136494346034
0.58	0.2	Inf	0	0.8589524730025748
0.58	0.4	Inf	0	0.7210707437650052
0.58	0.8	Inf	0	0.468011020798285
0.59	0	Inf	0	1
0.59	0.05	Inf	0	0.9777739220388709
0.59	0.1	Inf	0	0.9394503124137886
0.59	0.2	Inf	0	0.8501542618438228
0.59	0.4	Inf	0	0.6998851864042855
0.59	0.8	Inf	0	0.41907137136271483
0.6	0	Inf	0	1
0.6	0.05	Inf	0	0.9720695668903379
0.6	0.1	Inf	0	0.9414407399845629
0.6	0.2	Inf	0	0.8713419471019835
0.6	0.4	Inf	0	0.7286554597298135
0.6	0.8	Inf	0	0.4738108381087298
0.61	0	Inf	0	1
0.61	0.05	Inf	0	0.9694342867030737
0.61	0.1	Inf	0	0.9438680659716598
0.61	0.2	Inf	0	0.8852316438868136
0.61	0.4	Inf	0	0.7906173874162828
0.61	0.8	Inf	0	0.526187841435119
0.62	0	Inf	0	1
0.62	0.05	Inf	0	0.9691776232196084
0.62	0.1	Inf	0	0.9325563893772112
0.62	0.2	Inf	0	0.8842679176836229
0.62	0.4	Inf	0	0.7943392060639485
0.62	0.8	Inf	0	0.550826725031922
0.63	0	Inf	0	1
0.63	0.05	Inf	0	0.9679496723667923
0.63	0.1	Inf	0	0.9392152603845876
0.63	0.2	Inf	0	0.8657504737137186
0.63	0.4	Inf	0	0.7578756423768486
0.63	0.8	Inf	0	0.48611209057615357
0.64	0	Inf	0	1
0.64	0.05	Inf	0	0.9713897553662318
0.64	0.1	Inf	0	0.9253535014101623
0.64	0.2	Inf	0	0.9068160645572965
0.64	0.4	Inf	0	0.7364233884083144
0.64	0.8	Inf	0	0.4136442274931698
0.65	0	Inf	0	1
0.65	0.05	Inf	0	0.9695353913294501
0.65	0.1	Inf	0	0.935899801372385
0.65	0.2	Inf	0	0.8888133957153209
0.65	0.4	Inf	0	0.7364780118720422
0.65	0.8	Inf	0	0.5256016396072898
0.66	0	Inf	0	1
0.66	0.05	Inf	0	0.9601635350242761
0.66	0.1	Inf	0	0.951822698656649
0.66	0.2	Inf	0	0.9130604275573836
0.66	0.4	Inf	0	0.7843716736281616
0.66	0.8	Inf	0	0.47435629748805275
0.67	0	Inf	0	1
0.67	0.05	Inf	0	0.9749740144493885
0.67	0.1	Inf	0	0.9416580263238025
0.67	0.2	Inf	0	0.8705390611950492
0.67	0.4	Inf	0	0.711991693570659
0.67	0.8	Inf	0	0.5343631638802754
0.68	0	Inf	0	1
0.68	0.05	Inf	0	0.9663561578276891
0.68	0.1	Inf	0	0.9267274421937294
0.68	0.2	Inf	0	0.8695489677541833
0.68	0.4	Inf	0	0.7340626297711204
0.68	0.8	Inf	0	0.5470586785365225
0.69	0	Inf	0	1
0.69	0.05	Inf	0	0.9697601135652405
0.69	0.1	Inf	0	0.9290884101537202
0.69	0.2	Inf	0	0.8415399439260587
0.69	0.4	Inf	0	0.7283707996541221
0.69	0.8	Inf	0	0.4299183407872336
0.7	0	Inf	0	1
0.7	0.05	Inf	0	0.9583163894543583
0.7	0.1	Inf	0	0.9377347591392569
0.7	0.2	Inf	0	0.8604339440580471
0.7	0.4	Inf	0	0.7617380400463175
0.7	0.8	Inf	0	0.5494194673370508
0.71	0	Inf	0	1
0.71	0.05	Inf	0	0.9728737565388041
0.71	0.1	Inf	0	0.9273484421973931
0.71	0.2	Inf	0	0.8806993746411332
0.71	0.4	Inf	0	0.7449840255901519
0.71	0.8	Inf	0	0.3959129114215832
0.72	0	Inf	0	1
0.72	0.05	Inf	0	0.9686005516936305
0.72	0.1	Inf	0	0.9283403016099475
0.72	0.2	Inf	0	0.8608893769785578
0.72	0.4	Inf	0	0.7236326438193723
0.72	0.8	Inf	0	0.5735455329509838
0.73	0	Inf	0	1
0.73	0.05	Inf	0	0.9649729190363241
0.73	0.1	Inf	0	0.9594290815444094
0.73	0.2	Inf	0	0.8585885448731275
0.73	0.4	Inf	0	0.7241454925935245
0.73	0.8	Inf	0	0.3880919587455521
0.74	0	Inf	0	1
0.74	0.05	Inf	0	0.9647494472853229
0.74	0.1	Inf	0	0.9305106711646134
0.74	0.2	Inf	0	0.8896679072760645
0.74	0.4	Inf	0	0.7274033871081247
0.74	0.8	Inf	0	0.45855969535509894
0.75	0	Inf	0	1
0.75	0.05	Inf	0	0.9719026162559398
0.75	0.1	Inf	0	0.9380351560080863
0.75	0.2	Inf	0	0.8564658404597426
0.75	0.4	Inf	0	0.7389499873334694
0.75	0.8	Inf	0	0.39338506888978864
0.76	0	Inf	0	1
0.76	0.05	Inf	0	0.9638061629225718
0.76	0.1	Inf	0	0.9166840796120196
0.76	0.2	Inf	0	0.8640206839157412
0.76	0.4	Inf	0	0.7121228263964491
0.76	0.8	Inf	0	0.5058790681395267
0.77	0	Inf	0	1
0.77	0.05	Inf	0	0.9621065298776998
0.77	0.1	Inf	0	0.9398025852632211
0.77	0.2	Inf	0	0.8541884428914079
0.77	0.4	Inf	0	0.7163337006780858
0.77	0.8	Inf	0	0.6338472701528001
0.78	0	Inf	0	1
0.78	0.05	Inf	0	0.966486931644094
0.78	0.1	Inf	0	0.9494376066314489
0.78	0.2	Inf	0	0.8471710559956137
0.78	0.4	Inf	0	0.7175371244018255
0.78	0.8	Inf	0	0.49683970620429474
0.79	0	Inf	0	1
0.79	0.05	Inf	0	0.9613484088054399
0.79	0.1	Inf	0	0.9331864577014864
0.79	0.2	Inf	0	0.8379986263768926
0.79	0.4	Inf	0	0.6715674066751463
0.79	0.8	Inf	0	0.566566255671906
0.8	0	Inf	0	1
0.8	0.05	Inf	0	0.9624933158673028
0.8	0.1	Inf	0	0.9230953366540828
0.8	0.2	Inf	0	0.8581519622061979
0.8	0.4	Inf	0	0.658139947690304
0.8	0.8	Inf	0	0.3953235103035509
0.81	0	Inf	0	1
0.81	0.05	Inf	0	0.9707088545480349
0.81	0.1	Inf	0	0.9318904938693526
0.81	0.2	Inf	0	0.8373420896427252
0.81	0.4	Inf	0	0.6917524813563309
0.81	0.8	Inf	0	0.3571223135279308
0.82	0	Inf	0	1
0.82	0.05	Inf	0	0.9573554453087276
0.82	0.1	Inf	0	0.9245055953763027
0.82	0.2	Inf	0	0.903005378220381
0.82	0.4	Inf	0	0.668609162011691
0.82	0.8	Inf	0	0.3867184088632524
0.83	0	Inf	0	1
0.83	0.05	Inf	0	0.9677706740437957
0.83	0.1	Inf	0	0.9374250489931856
0.83	0.2	Inf	0	0.8202484775369175
0.83	0.4	Inf	0	0.6533759145119212
0.83	0.8	Inf	0	0.48483359127458714
0.84	0	Inf	0	1
0.84	0.05	Inf	0	0.9576057668236541
0.84	0.1	Inf	0	0.9322044873990676
0.84	0.2	Inf	0	0.843373551321558
0.84	0.4	Inf	0	0.6532022988889005
0.84	0.8	Inf	0	0.342377094032675
0.85	0	Inf	0	1
0.85	0.05	Inf	0	0.9596354084571038
0.85	0.1	Inf	0	0.9107808756423635
0.85	0.2	Inf	0	0.8234805266220983
0.85	0.4	Inf	0	0.7502601707432947
0.85	0.8	Inf	0	0.43061092677567053
0.86	0	Inf	0	1
0.86	0.05	Inf	0	0.9603192950673513
0.86	0.1	Inf	0	0.9374663010945914
0.86	0.2	Inf	0	0.8592179740454154
0.86	0.4	Inf	0	0.7274014361814507
0.86	0.8	Inf	0	0.5228555307280329
0.87	0	Inf	0	1
0.87	0.05	Inf	0	0.9670966459507486
0.87	0.1	Inf	0	0.9288223899675749
0.87	0.2	Inf	0	0.8509419539666957
0.87	0.4	Inf	0	0.7420265864109405
0.87	0.8	Inf	0	0.5093397181854304
0.88	0	Inf	0	1
0.88	0.05	Inf	0	0.9657934033304919
0.88	0.1	Inf	0	0.9381999414924119
0.88	0.2	Inf	0	0.8673405457710583
0.88	0.4	Inf	0	0.7797429581406827
0.88	0.8	Inf	0	0.47838859530429706
0.89	0	Inf	0	1
0.89	0.05	Inf	0	0.957617593592937
0.89	0.1	Inf	0	0.9302491951961905
0.89	0.2	Inf	0	0.8423468335986504
0.89	0.4	Inf	0	0.7612138667129117
0.89	0.8	Inf	0	0.4342329516915796
0.9	0	Inf	0	1
0.9	0.05	Inf	0	0.9651216458060349
0.9	0.1	Inf	0	0.9256736634981877
0.9	0.2	Inf	0	0.8534142729586023
0.9	0.4	Inf	0	0.6714696964621136
0.9	0.8	Inf	0	0.35641841584183603
0.91	0	Inf	0	1
0.91	0.05	Inf	0	0.9644790789677635
0.91	0.1	Inf	0	0.9272687897552848
0.91	0.2	Inf	0	0.8384061664093637
0.91	0.4	Inf	0	0.7430956238774474
0.91	0.8	Inf	0	0.32469361019275306
0.92	0	Inf	0	1
0.92	0.05	Inf	0	0.9653414589350154
0.92	0.1	Inf	0	0.9245650096792168
0.92	0.2	Inf	0	0.828438652005757
0.92	0.4	Inf	0	0.7003552443937915
0.92	0.8	Inf	0	0.44319499749198127
0.93	0	Inf	0	1
0.93	0.05	Inf	0	0.9598800689872425
0.93	0.1	Inf	0	0.9246604479420176
0.93	0.2	Inf	0	0.8660781773475853
0.93	0.4	Inf	0	0.7934646092290651
0.93	0.8	Inf	0	0.49466909322452324
0.94	0	Inf	0	1
0.94	0.05	Inf	0	0.9644585218536079
0.94	0.1	Inf	0	0.9303278920611041
0.94	0.2	Inf	0	0.8599115886452375
0.94	0.4	Inf	0	0.743045048782876
0.94	0.8	Inf	0	0.4223171420626835
0.95	0	Inf	0	1
0.95	0.05	Inf	0	0.961683754445375
0.95	0.1	Inf	0	0.9284130416837606
0.95	0.2	Inf	0	0.854805543156804
0.95	0.4	Inf	0	0.6762977265345405
0.95	0.8	Inf	0	0.4013975601438085
0.96	0	Inf	0	1
0.96	0.05	Inf	0	0.9663403921341951
0.96	0.1	Inf	0	0.9258242006418336
0.96	0.2	Inf	0	0.8535086251283567
0.96	0.4	Inf	0	0.6829855878611931
0.96	0.8	Inf	0	0.4002157170915589
0.97	0	Inf	0	1
0.97	0.05	Inf	0	0.961028229628953
0.97	0.1	Inf	0	0.9332495038906494
0.97	0.2	Inf	0	0.8385847805180674
0.97	0.4	Inf	0	0.6536857673730463
0.97	0.8	Inf	0	0.31607130789476506
0.98	0	Inf	0	1
0.98	0.05	Inf	0	0.9615075243371839
0.98	0.1	Inf	0	0.9090730983818289
0.98	0.2	Inf	0	0.8442557005678188
0.98	0.4	Inf	0	0.6652222822422565
0.98	0.8	Inf	0	0.30584845398163557
0.99	0	Inf	0	1
0.99	0.05	Inf	0	0.9596792934105556
0.99	0.1	Inf	0	0.9216684954075668
0.99	0.2	Inf	0	0.8386791574305863
0.99	0.4	Inf	0	0.7334276458042241
0.99	0.8	Inf	0	0.40382546008611087
1	0	Inf	0	1
1	0.05	Inf	0	0.9586172459240568
1	0.1	Inf	0	0.9210993129931216
1	0.2	Inf	0	0.8536640198335639
1	0.4	Inf	0	0.6490832321208466
1	0.8	Inf	0	0.4170202117306581
0	0	Inf	25	1
0	0.05	Inf	25	1
0	0.1	Inf	25	1
0	0.2	Inf	25	1
0	0.4	Inf	25	1
0	0.8	Inf	25	0.9999999999999999
0.01	0	Inf	25	1
0.01	0.05	Inf	25	0.9997329137430953
0.01	0.1	Inf	25	0.9990125204150908
0.01	0.2	Inf	25	0.9981912219353506
0.01	0.4	Inf	25	0.9982636493879689
0.01	0.8	Inf	25	0.9959793814198156
0.02	0	Inf	25	1
0.02	0.05	Inf	25	0.9995379105793021
0.02	0.1	Inf	25	0.9980501957799133
0.02	0.2	Inf	25	0.9989907683880143
0.02	0.4	Inf	25	0.9940408476978274
0.02	0.8	Inf	25	0.9886008870702006
0.03	0	Inf	25	1
0.03	0.05	Inf	25	0.998983041399558
0.03	0.1	Inf	25	0.9972550588560657
0.03	0.2	Inf	25	0.9961435909119055
0.03	0.4	Inf	25	0.9912842043275669
0.03	0.8	Inf	25	0.9881041454738867
0.04	0	Inf	25	1
0.04	0.05	Inf	25	0.9989033976639987
0.04	0.1	Inf	25	0.9978806601313077
0.04	0.2	Inf	25	0.9957474518240068
0.04	0.4	Inf	25	0.9898324072238163
0.04	0.8	Inf	25	0.9750623696484697
0.05	0	Inf	25	1
0.05	0.05	Inf	25	0.9988334605151516
0.05	0.1	Inf	25	0.9969572771806576
0.05	0.2	Inf	25	0.9976331351234519
0.05	0.4	Inf	25	0.9921448066773174
0.05	0.8	Inf	25	0.9767233235560502
0.06	0	Inf	25	1
0.06	0.05	Inf	25	0.9979128526699789
0.06	0.1	Inf	25	0.9955314939670222
0.06	0.2	Inf	25	0.9956759980691339
0.06	0.4	Inf	25	0.9887209494294649
0.06	0.8	Inf	25	0.9763686091728954
0.07	0	Inf	25	1
0.07	0.05	Inf	25	0.9975885835802397
0.07	0.1	Inf	25	0.996796485785218
0.07	0.2	Inf	25	0.9905321891106995
0.07	0.4	Inf	25	0.972834232021883
0.07	0.8	Inf	25	0.9643970363093184
0.08	0	Inf	25	1
0.08	0.05	Inf	25	0.9974392225117131
0.08	0.1	Inf	25	0.9972420937579022
0.08	0.2	Inf	25	0.993286476291007
0.08	0.4	Inf	25	0.9793974728877525
0.08	0.8	Inf	25	0.9642927287209756
0.09	0	Inf	25	1
0.09	0.05	Inf	25	0.9981848332629045
0.09	0.1	Inf	25	0.9977359067106213
0.09	0.2	Inf	25	0.9870091725654319
0.09	0.4	Inf	25	0.9747869008529714
0.09	0.8	Inf	25	0.9630569011687421
0.1	0	Inf	25	1
0.1	0.05	Inf	25	0.9977734862530608
0.1	0.1	Inf	25	0.9967387571805552
0.1	0.2	Inf	25	0.9870774573334256
0.1	0.4	Inf	25	0.9881629807542055
0.1	0.8	Inf	25	0.9774802299053897
0.11	0	Inf	25	1
0.11	0.05	Inf	25	0.9971254805137028
0.11	0.1	Inf	25	0.9932712107249224
0.11	0.2	Inf	25	0.9893072596030777
0.11	0.4	Inf	25	0.9838863213824838
0.11	0.8	Inf	25	0.9492453870718534
0.12	0	Inf	25	1
0.12	0.05	Inf	25	0.9953346824794856
0.12	0.1	Inf	25	0.9929362348906546
0.12	0.2	Inf	25	0.9927856174549792
0.12	0.4	Inf	25	0.966745466289267
0.12	0.8	Inf	25	0.9480526689029366
0.13	0	Inf	25	1
0.13	0.05	Inf	25	0.9972869240667867
0.13	0.1	Inf	25	0.9907813196252038
0.13	0.2	Inf	25	0.9847977389586902
0.13	0.4	Inf	25	0.9779655694028728
0.13	0.8	Inf	25	0.9312721218269965
0.14	0	Inf	25	1
0.14	0.05	Inf	25	0.9954037863808811
0.14	0.1	Inf	25	0.987857914794515
0.14	0.2	Inf	25	0.9788563193489361
0.14	0.4	Inf	25	0.9619127630937246
0.14	0.8	Inf	25	0.9241165076066399
0.15	0	Inf	25	1
0.15	0.05	Inf	25	0.9959871356525594
0.15	0.1	Inf	25	0.9913942674964425
0.15	0.2	Inf	25	0.9798140159326155
0.15	0.4	Inf	25	0.9651891887177105
0.15	0.8	Inf	25	0.9157837735902046
0.16	0	Inf	25	1
0.16	0.05	Inf	25	0.9954714410195398
0.16	0.1	Inf	25	0.9908054032801228
0.16	0.2	Inf	25	0.9954609054843497
0.16	0.4	Inf	25	0.9858807206626037
0.16	0.8	Inf	25	0.9428064027888192
0.17	0	Inf	25	1
0.17	0.05	Inf	25	0.9965961723478376
0.17	0.1	Inf	25	0.9890284258203959
0.17	0.2	Inf	25	0.9808085144764651
0.17	0.4	Inf	25	0.9620957536648088
0.17	0.8	Inf	25	0.9155065640869693
0.18	0	Inf	25	1
0.18	0.05	Inf	25	0.995927401318046
0.18	0.1	Inf	25	0.9962046145223121
0.18	0.2	Inf	25	0.9738625499920889
0.18	0.4	Inf	25	0.945763298120865
0.18	0.8	Inf	25	0.8997645147716857
0.19	0	Inf	25	1
0.19	0.05	Inf	25	0.9960896524005038
0.19	0.1	Inf	25	0.9995145245553546
0.19	0.2	Inf	25	0.9876547971310707
0.19	0.4	Inf	25	0.9587713856077291
0.19	0.8	Inf	25	0.910682858425446
0.2	0	Inf	25	1
0.2	0.05	Inf	25	0.996800318321716
0.2	0.1	Inf	25	0.9865568292031771
0.2	0.2	Inf	25	0.9712349376226438
0.2	0.4	Inf	25	0.96174693267372
0.2	0.8	Inf	25	0.9056097223913677
0.21	0	Inf	25	1
0.21	0.05	Inf	25	0.9949677736254661
0.21	0.1	Inf	25	0.986860490606367
0.21	0.2	Inf	25	0.9729509850118626
0.21	0.4	Inf	25	0.9570150142655356
0.21	0.8	Inf	25	0.8866667840921412
0.22	0	Inf	25	1
0.22	0.05	Inf	25	0.9933335907035903
0.22	0.1	Inf	25	0.9849278192345284
0.22	0.2	Inf	25	0.9811446674160689
0.22	0.4	Inf	25	0.9694839457261051
0.22	0.8	Inf	25	0.9223686615704341
0.23	0	Inf	25	1
0.23	0.05	Inf	25	0.993330077504749
0.23	0.1	Inf	25	0.9883336507952918
0.23	0.2	Inf	25	0.9776491692773468
0.23	0.4	Inf	25	0.9326179349368869
0.23	0.8	Inf	25	0.8781081524054223
0.24	0	Inf	25	1
0.24	0.05	Inf	25	0.993293560312896
0.24	0.1	Inf	25	0.9877210291559195
0.24	0.2	Inf	25	0.9674764543534133
0.24	0.4	Inf	25	0.9916690545070932
0.24	0.8	Inf	25	0.9407731636177518
0.25	0	Inf	25	1
0.25	0.05	Inf	25	0.9919310634417086
0.25	0.1	Inf	25	0.9860392639866008
0.25	0.2	Inf	25	0.9757254251681982
0.25	0.4	Inf	25	0.9650136847510815
0.25	0.8	Inf	25	0.8703666822193662
0.26	0	Inf	25	1
0.26	0.05	Inf	25	0.9975564710073087
0.26	0.1	Inf	25	0.9888822175539449
0.26	0.2	Inf	25	0.9767526897140343
0.26	0.4	Inf	25	0.9279050725764384
0.26	0.8	Inf	25	0.8974913215155077
0.27	0	Inf	25	1
0.27	0.05	Inf	25	0.9936581399766257
0.27	0.1	Inf	25	0.986281028710628
0.27	0.2	Inf	25	0.9746398897924824
0.27	0.4	Inf	25	0.9209427385224372
0.27	0.8	Inf	25	0.9033088978940655
0.28	0	Inf	25	1
0.28	0.05	Inf	25	0.9926402844013905
0.28	0.1	Inf	25	0.981555535714063
0.28	0.2	Inf	25	0.9856582076880233
0.28	0.4	Inf	25	0.9452183134213793
0.28	0.8	Inf	25	0.8835126999003573
0.29	0	Inf	25	1
0.29	0.05	Inf	25	0.990882213066285
0.29	0.1	Inf	25	0.9867831661332442
0.29	0.2	Inf	25	0.966208054268318
0.29	0.4	Inf	25	0.972369961661916
0.29	0.8	Inf	25	0.8681188536970745
0.3	0	Inf	25	1
0.3	0.05	Inf	25	0.9894316266175212
0.3	0.1	Inf	25	0.9870584349466475
0.3	0.2	Inf	25	0.9579364215354773
0.3	0.4	Inf	25	0.9633040745636359
0.3	0.8	Inf	25	0.8933424514828909
0.31	0	Inf	25	1
0.31	0.05	Inf	25	0.9917704405162437
0.31	0.1	Inf	25	0.9829689436384894
0.31	0.2	Inf	25	0.9765913073759821
0.31	0.4	Inf	25	0.9411422737894948
0.31	0.8	Inf	25	0.8900244859505744
0.32	0	Inf	25	1
0.32	0.05	Inf	25	0.9910336185821789
0.32	0.1	Inf	25	0.9752476418636604
0.32	0.2	Inf	25	0.963878016715628
0.32	0.4	Inf	25	0.9670175259110165
0.32	0.8	Inf	25	0.8207489613720294
0.33	0	Inf	25	1
0.33	0.05	Inf	25	0.9938920583044288
0.33	0.1	Inf	25	0.9850673966608219
0.33	0.2	Inf	25	0.9656697804890118
0.33	0.4	Inf	25	0.9444171086493305
0.33	0.8	Inf	25	0.8302777996150856
0.34	0	Inf	25	1
0.34	0.05	Inf	25	0.9922662861073591
0.34	0.1	Inf	25	0.9898170084650926
0.34	0.2	Inf	25	0.956485521023834
0.34	0.4	Inf	25	0.936169903454042
0.34	0.8	Inf	25	0.8765658750193481
0.35	0	Inf	25	1
0.35	0.05	Inf	25	0.9886888590145171
0.35	0.1	Inf	25	0.9743997178719189
0.35	0.2	Inf	25	0.9439178368209901
0.35	0.4	Inf	25	0.9163955650214145
0.35	0.8	Inf	25	0.8054648584941451
0.36	0	Inf	25	1
0.36	0.05	Inf	25	0.9898876437899772
0.36	0.1	Inf	25	0.993257063138738
0.36	0.2	Inf	25	0.9758192784531093
0.36	0.4	Inf	25	0.9569572436554902
0.36	0.8	Inf	25	0.9079001204395639
0.37	0	Inf	25	1
0.37	0.05	Inf	25	0.9920561657870552
0.37	0.1	Inf	25	0.9870175038737576
0.37	0.2	Inf	25	0.9751621118666682
0.37	0.4	Inf	25	0.9453676693427202
0.37	0.8	Inf	25	0.8134697740211323
0.38	0	Inf	25	1
0.38	0.05	Inf	25	0.9955792678572316
0.38	0.1	Inf	25	0.9852437669625819
0.38	0.2	Inf	25	0.9752175390247394
0.38	0.4	Inf	25	0.905568022121595
0.38	0.8	Inf	25	0.8913497141868296
0.39	0	Inf	25	1
0.39	0.05	Inf	25	0.9943100015798101
0.39	0.1	Inf	25	0.9890467975931903
0.39	0.2	Inf	25	0.9841705990382488
0.39	0.4	Inf	25	0.9346095174150613
0.39	0.8	Inf	25	0.839198211215366
0.4	0	Inf	25	1
0.4	0.05	Inf	25	0.9897020841534575
0.4	0.1	Inf	25	0.9888940359906391
0.4	0.2	Inf	25	0.9493784213641321
0.4	0.4	Inf	25	0.9499967854844915
0.4	0.8	Inf	25	0.8629743991072094
0.41	0	Inf	25	1
0.41	0.05	Inf	25	0.9928341055134603
0.41	0.1	Inf	25	0.9871081512462676
0.41	0.2	Inf	25	0.9515090100934949
0.41	0.4	Inf	25	0.9031252106356504
0.41	0.8	Inf	25	0.8990058761751473
0.42	0	Inf	25	1
0.42	0.05	Inf	25	0.9880470606749078
0.42	0.1	Inf	25	0.9896267254492346
0.42	0.2	Inf	25	0.9818092644182239
0.42	0.4	Inf	25	0.9374943079670497
0.42	0.8	Inf	25	0.8204033871407104
0.43	0	Inf	25	1
0.43	0.05	Inf	25	0.9862908887602921
0.43	0.1	Inf	25	0.9696432217730889
0.43	0.2	Inf	25	0.9599509144516334
0.43	0.4	Inf	25	0.9016610689025649
0.43	0.8	Inf	25	0.9039791203217629
0.44	0	Inf	25	1
0.44	0.05	Inf	25	0.9874505752767351
0.44	0.1	Inf	25	0.9858583011915372
0.44	0.2	Inf	25	0.9865813748213264
0.44	0.4	Inf	25	0.9052407817949211
0.44	0.8	Inf	25	0.7853991074030198
0.45	0	Inf	25	1
0.45	0.05	Inf	25	0.9902514688663158
0.45	0.1	Inf	25	0.9907971918441345
0.45	0.2	Inf	25	0.9532278347994948
0.45	0.4	Inf	25	0.9627066290232817
0.45	0.8	Inf	25	0.7843997398733958
0.46	0	Inf	25	1
0.46	0.05	Inf	25	0.9952408177196453
0.46	0.1	Inf	25	0.988506668851202
0.46	0.2	Inf	25	0.952015362609627
0.46	0.4	Inf	25	0.9495482099922375
0.46	0.8	Inf	25	0.8650696880110806
0.47	0	Inf	25	1
0.47	0.05	Inf	25	0.9943393457492551
0.47	0.1	Inf	25	0.9824762145822089
0.47	0.2	Inf	25	0.9547836998551609
0.47	0.4	Inf	25	0.9085803921697321
0.47	0.8	Inf	25	0.7920829421534937
0.48	0	Inf	25	1
0.48	0.05	Inf	25	0.992471033275397
0.48	0.1	Inf	25	0.9723939012274144
0.48	0.2	Inf	25	0.9873093795189081
0.48	0.4	Inf	25	0.9317303233067147
0.48	0.8	Inf	25	0.8575218013202295
0.49	0	Inf	25	1
0.49	0.05	Inf	25	0.9932348122222174
0.49	0.1	Inf	25	0.9876024769958899
0.49	0.2	Inf	25	0.9639597968274471
0.49	0.4	Inf	25	0.9495497428940988
0.49	0.8	Inf	25	0.8329906914000422
0.5	0	Inf	25	1
0.5	0.05	Inf	25	0.9855078127370388
0.5	0.1	Inf	25	0.978281539136631
0.5	0.2	Inf	25	0.9557783041547269
0.5	0.4	Inf	25	0.9342273893520096
0.5	0.8	Inf	25	0.8185859379013243
0.51	0	Inf	25	1
0.51	0.05	Inf	25	0.9924660858559564
0.51	0.1	Inf	25	0.9810190277103413
0.51	0.2	Inf	25	0.961860885240441
0.51	0.4	Inf	25	0.9595842400444172
0.51	0.8	Inf	25	0.8857885311204391
0.52	0	Inf	25	1
0.52	0.05	Inf	25	0.99411964144874565
0.52	0.1	Inf	25	0.9863725739890595
0.52	0.2	Inf	25	0.9435037543739119
0.52	0.4	Inf	25	0.9040767694086749
0.52	0.8	Inf	25	0.8850831850953971
0.53	0	Inf	25	1
0.53	0.05	Inf	25	0.997330959257701
0.53	0.1	Inf	25	0.9830577731840197
0.53	0.2	Inf	25	0.9538485069063228
0.53	0.4	Inf	25	0.9079812902193526
0.53	0.8	Inf	25	0.7827822249590332
0.54	0	Inf	25	1
0.54	0.05	Inf	25	0.9905710243286074
0.54	0.1	Inf	25	0.9862328556666151
0.54	0.2	Inf	25	0.9497021669363428
0.54	0.4	Inf	25	0.931788427019146
0.54	0.8	Inf	25	0.7568729741754914
0.55	0	Inf	25	1
0.55	0.05	Inf	25	0.9869550035634405
0.55	0.1	Inf	25	0.9772055830451962
0.55	0.2	Inf	25	0.9771978296682093
0.55	0.4	Inf	25	0.9382947627917403
0.55	0.8	Inf	25	0.7846734921964953
0.56	0	Inf	25	1
0.56	0.05	Inf	25	1.0008874534360248
0.56	0.1	Inf	25	0.9804918288522292
0.56	0.2	Inf	25	0.956418356010178
0.56	0.4	Inf	25	0.9093267226033144
0.56	0.8	Inf	25	0.854475693291745
0.57	0	Inf	25	1
0.57	0.05	Inf	25	0.9996710804331765
0.57	0.1	Inf	25	0.9750299575678307
0.57	0.2	Inf	25	0.9544000355029583
0.57	0.4	Inf	25	0.8794688439358639
0.57	0.8	Inf	25	0.8321922406593383
0.58	0	Inf	25	1
0.58	0.05	Inf	25	0.9909582434754065
0.58	0.1	Inf	25	0.977226614761972
0.58	0.2	Inf	25	0.9709126645047037
0.58	0.4	Inf	25	0.9247684956764473
0.58	0.8	Inf	25	0.7584297144635614
0.59	0	Inf	25	1
0.59	0.05	Inf	25	0.9856976839195359
0.59	0.1	Inf	25	0.9616306971784251
0.59	0.2	Inf	25	1.023168837368675
0.59	0.4	Inf	25	0.9509308465987121
0.59	0.8	Inf	25	0.9278541030380411
0.6	0	Inf	25	1
0.6	0.05	Inf	25	0.9880186147508218
0.6	0.1	Inf	25	0.9792338455426624
0.6	0.2	Inf	25	0.9281160249016958
0.6	0.4	Inf	25	0.9381451919767216
0.6	0.8	Inf	25	0.8239355641067779
0.61	0	Inf	25	1
0.61	0.05	Inf	25	0.9863695287106716
0.61	0.1	Inf	25	0.991005810064383
0.61	0.2	Inf	25	0.9707816706964022
0.61	0.4	Inf	25	0.886817563300449
0.61	0.8	Inf	25	0.7297979370020151
0.62	0	Inf	25	1
0.62	0.05	Inf	25	0.9926808446984824
0.62	0.1	Inf	25	0.9851286073085332
0.62	0.2	Inf	25	0.969783596622032
0.62	0.4	Inf	25	0.9194238344729472
0.62	0.8	Inf	25	0.881717531677453
0.63	0	Inf	25	1
0.63	0.05	Inf	25	0.9905958645082014
0.63	0.1	Inf	25	0.9722440676622572
0.63	0.2	Inf	25	0.9567917336289499
0.63	0.4	Inf	25	0.8905912811408379
0.63	0.8	Inf	25	0.8737562875405563
0.64	0	Inf	25	1
0.64	0.05	Inf	25	0.9902965283417615
0.64	0.1	Inf	25	0.9837500712752307
0.64	0.2	Inf	25	0.9391420031351225
0.64	0.4	Inf	25	0.9491959018214101
0.64	0.8	Inf	25	0.8580740782824702
0.65	0	Inf	25	1
0.65	0.05	Inf	25	0.9871851904776967
0.65	0.1	Inf	25	0.9704364040011211
0.65	0.2	Inf	25	0.9607470714122484
0.65	0.4	Inf	25	0.8522910804050874
0.65	0.8	Inf	25	0.7933459143791359
0.66	0	Inf	25	1
0.66	0.05	Inf	25	1.0007144392516412
0.66	0.1	Inf	25	0.9765406527601422
0.66	0.2	Inf	25	0.9625990009275529
0.66	0.4	Inf	25	0.8920824782178863
0.66	0.8	Inf	25	0.9389182257757313
0.67	0	Inf	25	1
0.67	0.05	Inf	25	0.9891866700506483
0.67	0.1	Inf	25	0.9863439125951144
0.67	0.2	Inf	25	0.9440262687254466
0.67	0.4	Inf	25	0.9304751781747231
0.67	0.8	Inf	25	0.8745393376552759
0.68	0	Inf	25	1
0.68	0.05	Inf	25	0.9891885669723168
0.68	0.1	Inf	25	0.9754727020408931
0.68	0.2	Inf	25	0.963039765637528
0.68	0.4	Inf	25	0.9141677562202617
0.68	0.8	Inf	25	0.7294465060836778
0.69	0	Inf	25	1
0.69	0.05	Inf	25	0.9877712672525797
0.69	0.1	Inf	25	0.9831197808107559
0.69	0.2	Inf	25	0.9619148551974495
0.69	0.4	Inf	25	0.9055927030238187
0.69	0.8	Inf	25	0.9673861415065872
0.7	0	Inf	25	1
0.7	0.05	Inf	25	1.0017751899668719
0.7	0.1	Inf	25	0.9727883046234891
0.7	0.2	Inf	25	0.9625557981818895
0.7	0.4	Inf	25	0.8839112629811968
0.7	0.8	Inf	25	0.7947457751972773
0.71	0	Inf	25	1
0.71	0.05	Inf	25	0.9889016521409939
0.71	0.1	Inf	25	1.0120595277276192
0.71	0.2	Inf	25	0.9618240220033665
0.71	0.4	Inf	25	0.8856012652622215
0.71	0.8	Inf	25	0.808492219169435
0.72	0	Inf	25	1
0.72	0.05	Inf	25	0.993282150059298
0.72	0.1	Inf	25	0.9721223890075529
0.72	0.2	Inf	25	0.9385233876474952
0.72	0.4	Inf	25	0.9229038171292951
0.72	0.8	Inf	25	0.816967992565984
0.73	0	Inf	25	1
0.73	0.05	Inf	25	0.991974401841065
0.73	0.1	Inf	25	0.9674870921533658
0.73	0.2	Inf	25	0.9796012106603621
0.73	0.4	Inf	25	0.9751776442469351
0.73	0.8	Inf	25	0.8454221258979466
0.74	0	Inf	25	1
0.74	0.05	Inf	25	0.9922717546741887
0.74	0.1	Inf	25	0.9759123809765481
0.74	0.2	Inf	25	0.9332974337655651
0.74	0.4	Inf	25	0.9114147364788832
0.74	0.8	Inf	25	0.7930454918596797
0.75	0	Inf	25	1
0.75	0.05	Inf	25	0.983140472832273
0.75	0.1	Inf	25	0.9750436777176159
0.75	0.2	Inf	25	0.9527875644172813
0.75	0.4	Inf	25	0.9428475223475554
0.75	0.8	Inf	25	0.8743624282845437
0.76	0	Inf	25	1
0.76	0.05	Inf	25	0.9901245157387152
0.76	0.1	Inf	25	1.0098441702386556
0.76	0.2	Inf	25	0.9581345424016684
0.76	0.4	Inf	25	0.9242876920749874
0.76	0.8	Inf	25	0.8185628037498602
0.77	0	Inf	25	1
0.77	0.05	Inf	25	0.9973134304955862
0.77	0.1	Inf	25	0.969264576038483
0.77	0.2	Inf	25	1.0385861764266957
0.77	0.4	Inf	25	0.883018428792639
0.77	0.8	Inf	25	0.7726930562704645
0.78	0	Inf	25	1
0.78	0.05	Inf	25	0.9870771270251222
0.78	0.1	Inf	25	0.9810437002881881
0.78	0.2	Inf	25	1.0238929221863384
0.78	0.4	Inf	25	0.8845128709653984
0.78	0.8	Inf	25	0.7591776587145255
0.79	0	Inf	25	1
0.79	0.05	Inf	25	0.9978983660235381
0.79	0.1	Inf	25	0.9728707994050074
0.79	0.2	Inf	25	0.9423073080627149
0.79	0.4	Inf	25	0.9227147686722812
0.79	0.8	Inf	25	0.7149697398969899
0.8	0	Inf	25	1
0.8	0.05	Inf	25	0.9897563576687372
0.8	0.1	Inf	25	1.0200812217439976
0.8	0.2	Inf	25	0.985705533673381
0.8	0.4	Inf	25	1.0200817996359133
0.8	0.8	Inf	25	0.9062152403660589
0.81	0	Inf	25	1
0.81	0.05	Inf	25	0.9897740018314121
0.81	0.1	Inf	25	0.9740013755484128
0.81	0.2	Inf	25	1.0152187130330357
0.81	0.4	Inf	25	0.9353330756359064
0.81	0.8	Inf	25	0.9668658650869306
0.82	0	Inf	25	1
0.82	0.05	Inf	25	0.9951746282084117
0.82	0.1	Inf	25	0.9939503757816658
0.82	0.2	Inf	25	0.9498854110635674
0.82	0.4	Inf	25	1.0300216153321504
0.82	0.8	Inf	25	0.7890170508047586
0.83	0	Inf	25	1
0.83	0.05	Inf	25	0.9861817628124795
0.83	0.1	Inf	25	0.9758839907966106
0.83	0.2	Inf	25	1.0585206777067049
0.83	0.4	Inf	25	0.9745927848070544
0.83	0.8	Inf	25	0.8422610367543981
0.84	0	Inf	25	1
0.84	0.05	Inf	25	1.0039206465599435
0.84	0.1	Inf	25	0.9841279128295303
0.84	0.2	Inf	25	1.0168273048048675
0.84	0.4	Inf	25	1.0257835508495226
0.84	0.8	Inf	25	0.7624033978196253
0.85	0	Inf	25	1
0.85	0.05	Inf	25	1.0009466142381875
0.85	0.1	Inf	25	1.059105730275826
0.85	0.2	Inf	25	1.0106215602174833
0.85	0.4	Inf	25	0.8253084013884651
0.85	0.8	Inf	25	0.7704247422000052
0.86	0	Inf	25	1
0.86	0.05	Inf	25	0.9866143263294977
0.86	0.1	Inf	25	0.9726639048758239
0.86	0.2	Inf	25	0.9527065029510966
0.86	0.4	Inf	25	0.9384725030784181
0.86	0.8	Inf	25	0.7765186957239509
0.87	0	Inf	25	1
0.87	0.05	Inf	25	0.97938239759328
0.87	0.1	Inf	25	0.9769220784044927
0.87	0.2	Inf	25	0.982946397378069
0.87	0.4	Inf	25	0.9204618475147399
0.87	0.8	Inf	25	0.8815189795903398
0.88	0	Inf	25	1
0.88	0.05	Inf	25	0.9911067675867808
0.88	0.1	Inf	25	0.9688817010723595
0.88	0.2	Inf	25	0.9472276463532284
0.88	0.4	Inf	25	0.914225302529825
0.88	0.8	Inf	25	0.8108526229924222
0.89	0	Inf	25	1
0.89	0.05	Inf	25	1.0027387058106716
0.89	0.1	Inf	25	0.9777753888235787
0.89	0.2	Inf	25	0.9668177045732387
0.89	0.4	Inf	25	0.8903371446280389
0.89	0.8	Inf	25	0.8489599233453335
0.9	0	Inf	25	1
0.9	0.05	Inf	25	0.9828759933942384
0.9	0.1	Inf	25	0.9804762121542441
0.9	0.2	Inf	25	1.010099614341862
0.9	0.4	Inf	25	1.0125811120582668
0.9	0.8	Inf	25	1.0269694453996934
0.91	0	Inf	25	1
0.91	0.05	Inf	25	0.9921947462829863
0.91	0.1	Inf	25	0.9907858509980998
0.91	0.2	Inf	25	0.9782412028342661
0.91	0.4	Inf	25	0.8906464927562305
0.91	0.8	Inf	25	1.5200154017260328
0.92	0	Inf	25	1
0.92	0.05	Inf	25	0.9845224885763333
0.92	0.1	Inf	25	0.9934383220106987
0.92	0.2	Inf	25	1.0170681850374677
0.92	0.4	Inf	25	0.9149157637661933
0.92	0.8	Inf	25	0.807687663297112
0.93	0	Inf	25	1
0.93	0.05	Inf	25	0.9979988684181654
0.93	0.1	Inf	25	0.9698014902454104
0.93	0.2	Inf	25	0.9718574096978616
0.93	0.4	Inf	25	0.8564929466452731
0.93	0.8	Inf	25	0.8007733670484901
0.94	0	Inf	25	1
0.94	0.05	Inf	25	0.9830877920618243
0.94	0.1	Inf	25	0.9805635705511019
0.94	0.2	Inf	25	0.9551272460714602
0.94	0.4	Inf	25	0.8913028046035143
0.94	0.8	Inf	25	0.808549429190057
0.95	0	Inf	25	1
0.95	0.05	Inf	25	1.0001100222860901
0.95	0.1	Inf	25	0.9922787564111802
0.95	0.2	Inf	25	0.9359818754544682
0.95	0.4	Inf	25	0.9572932464293005
0.95	0.8	Inf	25	0.8601991158318932
0.96	0	Inf	25	1
0.96	0.05	Inf	25	0.9873583749613187
0.96	0.1	Inf	25	0.9856050436671534
0.96	0.2	Inf	25	0.9214338732815643
0.96	0.4	Inf	25	1.0171838864526448
0.96	0.8	Inf	25	0.7443442880838826
0.97	0	Inf	25	1
0.97	0.05	Inf	25	0.9900313558043045
0.97	0.1	Inf	25	0.9641489043873843
0.97	0.2	Inf	25	0.974355714311941
0.97	0.4	Inf	25	1.0237832828570017
0.97	0.8	Inf	25	0.8188408557472688
0.98	0	Inf	25	1
0.98	0.05	Inf	25	0.9878069643354115
0.98	0.1	Inf	25	1.0709511724646832
0.98	0.2	Inf	25	0.9403409925177246
0.98	0.4	Inf	25	0.9382222105098541
0.98	0.8	Inf	25	1.10338885266466
0.99	0	Inf	25	1
0.99	0.05	Inf	25	1.0039655482385914
0.99	0.1	Inf	25	1.0566693115343953
0.99	0.2	Inf	25	1.016417804857062
0.99	0.4	Inf	25	0.9007472844850493
0.99	0.8	Inf	25	0.962854716488978
1	0	Inf	25	1
1	0.05	Inf	25	1.0028574613102608
1	0.1	Inf	25	0.9834185428676419
1	0.2	Inf	25	0.9442429628952592
1	0.4	Inf	25	1.0047031431316014
1	0.8	Inf	25	0.9696567822207209
0	0	Inf	50	1
0	0.05	Inf	50	1
0	0.1	Inf	50	1
0	0.2	Inf	50	1
0	0.4	Inf	50	1
0	0.8	Inf	50	0.9999999999999999
0.01	0	Inf	50	1
0.01	0.05	Inf	50	1.000098498380288
0.01	0.1	Inf	50	1.0001389090453934
0.01	0.2	Inf	50	1.0007022708118551
0.01	0.4	Inf	50	1.0002699957501935
0.01	0.8	Inf	50	1.000708613123034
0.02	0	Inf	50	1
0.02	0.05	Inf	50	0.9999075777423598
0.02	0.1	Inf	50	0.9998681383958912
0.02	0.2	Inf	50	1.0009617529899137
0.02	0.4	Inf	50	0.9991785609825135
0.02	0.8	Inf	50	0.9967979889493359
0.03	0	Inf	50	1
0.03	0.05	Inf	50	1.000111434117843
0.03	0.1	Inf	50	0.999657999157771
0.03	0.2	Inf	50	1.0003328253671546
0.03	0.4	Inf	50	0.9980846151678833
0.03	0.8	Inf	50	0.9991023438348815
0.04	0	Inf	50	1
0.04	0.05	Inf	50	0.9996162612731567
0.04	0.1	Inf	50	1.0006518470872319
0.04	0.2	Inf	50	1.0006171880380155
0.04	0.4	Inf	50	1.001923796585864
0.04	0.8	Inf	50	0.9947902906817774
0.05	0	Inf	50	1
0.05	0.05	Inf	50	1.000198533106987
0.05	0.1	Inf	50	0.9990847033255552
0.05	0.2	Inf	50	1.0029004772318126
0.05	0.4	Inf	50	1.0013515266386528
0.05	0.8	Inf	50	1.0092530143402167
0.06	0	Inf	50	1
0.06	0.05	Inf	50	1.0001124631416904
0.06	0.1	Inf	50	1.0013293819572449
0.06	0.2	Inf	50	1.0026407304710587
0.06	0.4	Inf	50	0.9939717839616011
0.06	0.8	Inf	50	0.9980675029555715
0.07	0	Inf	50	1
0.07	0.05	Inf	50	1.0000907696552765
0.07	0.1	Inf	50	1.000568734801223
0.07	0.2	Inf	50	1.002708023794403
0.07	0.4	Inf	50	1.0054444466510883
0.07	0.8	Inf	50	1.0013878194774786
0.08	0	Inf	50	1
0.08	0.05	Inf	50	1.0002141065568182
0.08	0.1	Inf	50	1.0010843237116136
0.08	0.2	Inf	50	0.9962031481066509
0.08	0.4	Inf	50	0.9996743238612109
0.08	0.8	Inf	50	0.9991972059473757
0.09	0	Inf	50	1
0.09	0.05	Inf	50	1.000135180439706
0.09	0.1	Inf	50	1.0011231380865806
0.09	0.2	Inf	50	0.9945807280955232
0.09	0.4	Inf	50	0.9929525804168009
0.09	0.8	Inf	50	1.0236867906289633
0.1	0	Inf	50	1
0.1	0.05	Inf	50	1.0005461711556798
0.1	0.1	Inf	50	1.002572163092021
0.1	0.2	Inf	50	1.0037134423104574
0.1	0.4	Inf	50	1.0018870210454747
0.1	0.8	Inf	50	1.0165062425416576
0.11	0	Inf	50	1
0.11	0.05	Inf	50	1.0019848931465256
0.11	0.1	Inf	50	1.001456034194509
0.11	0.2	Inf	50	1.00151451250195
0.11	0.4	Inf	50	0.9988657599313457
0.11	0.8	Inf	50	1.0131343547809326
0.12	0	Inf	50	1
0.12	0.05	Inf	50	0.9996957337571977
0.12	0.1	Inf	50	1.000976915556131
0.12	0.2	Inf	50	0.9983712023381199
0.12	0.4	Inf	50	1.0066812598747772
0.12	0.8	Inf	50	0.9968226551036166
0.13	0	Inf	50	1
0.13	0.05	Inf	50	1.002175150979688
0.13	0.1	Inf	50	1.0042780810373533
0.13	0.2	Inf	50	1.0043875725383473
0.13	0.4	Inf	50	0.9968449492688443
0.13	0.8	Inf	50	0.9994994211962279
0.14	0	Inf	50	1
0.14	0.05	Inf	50	0.9994457489781715
0.14	0.1	Inf	50	1.0023988038712301
0.14	0.2	Inf	50	0.9998735407315532
0.14	0.4	Inf	50	1.0043588969474193
0.14	0.8	Inf	50	1.0032576734943783
0.15	0	Inf	50	1
0.15	0.05	Inf	50	1.0021206457749354
0.15	0.1	Inf	50	1.0002277054689683
0.15	0.2	Inf	50	1.0059618126228567
0.15	0.4	Inf	50	0.9963136825430003
0.15	0.8	Inf	50	1.0283830683072375
0.16	0	Inf	50	1
0.16	0.05	Inf	50	1.0003882579283294
0.16	0.1	Inf	50	1.001108911575768
0.16	0.2	Inf	50	1.0011653423231
0.16	0.4	Inf	50	1.006895560582155
0.16	0.8	Inf	50	0.9973793369646617
0.17	0	Inf	50	1
0.17	0.05	Inf	50	0.9997002618574546
0.17	0.1	Inf	50	1.0004713692126215
0.17	0.2	Inf	50	0.9995415123414846
0.17	0.4	Inf	50	1.0049908475947475
0.17	0.8	Inf	50	0.971211199652932
0.18	0	Inf	50	1
0.18	0.05	Inf	50	0.9998656506864938
0.18	0.1	Inf	50	1.0002250277890632
0.18	0.2	Inf	50	0.9996737239150049
0.18	0.4	Inf	50	1.0167794704608655
0.18	0.8	Inf	50	0.9654168864586594
0.19	0	Inf	50	1
0.19	0.05	Inf	50	0.9992057026930726
0.19	0.1	Inf	50	1.015584558956579
0.19	0.2	Inf	50	0.9995232721942298
0.19	0.4	Inf	50	1.0063749632756593
0.19	0.8	Inf	50	1.0164373516378564
0.2	0	Inf	50	1
0.2	0.05	Inf	50	1.000903745004097
0.2	0.1	Inf	50	1.0019580105890986
0.2	0.2	Inf	50	1.0136019480021843
0.2	0.4	Inf	50	1.002053184972581
0.2	0.8	Inf	50	0.9662483075232381
0.21	0	Inf	50	1
0.21	0.05	Inf	50	1.0003174578019773
0.21	0.1	Inf	50	1.0071648734119387
0.21	0.2	Inf	50	1.0132585858147498
0.21	0.4	Inf	50	0.9823286717586878
0.21	0.8	Inf	50	0.9663465739477268
0.22	0	Inf	50	1
0.22	0.05	Inf	50	1.0048034404585149
0.22	0.1	Inf	50	1.00923001738091
0.22	0.2	Inf	50	1.0098838522193598
0.22	0.4	Inf	50	1.011201366636687
0.22	0.8	Inf	50	1.037621201864967
0.23	0	Inf	50	1
0.23	0.05	Inf	50	1.0014022206180355
0.23	0.1	Inf	50	1.0129522128096629
0.23	0.2	Inf	50	1.012055927077483
0.23	0.4	Inf	50	0.9895892039150426
0.23	0.8	Inf	50	1.0053651112444815
0.24	0	Inf	50	1
0.24	0.05	Inf	50	1.0013822976179516
0.24	0.1	Inf	50	1.0101624522709525
0.24	0.2	Inf	50	1.0328484711725257
0.24	0.4	Inf	50	1.0377421285562738
0.24	0.8	Inf	50	1.0448359954596018
0.25	0	Inf	50	1
0.25	0.05	Inf	50	1.006213349296499
0.25	0.1	Inf	50	1.0037108154444412
0.25	0.2	Inf	50	1.0166555831190203
0.25	0.4	Inf	50	1.0082654216182085
0.25	0.8	Inf	50	1.0208113465559503
0.26	0	Inf	50	1
0.26	0.05	Inf	50	1.0024219042590503
0.26	0.1	Inf	50	1.000971329888822
0.26	0.2	Inf	50	1.0013070558656103
0.26	0.4	Inf	50	1.0275351259259136
0.26	0.8	Inf	50	1.0682681143826442
0.27	0	Inf	50	1
0.27	0.05	Inf	50	1.0016132719145352
0.27	0.1	Inf	50	1.0001387955762724
0.27	0.2	Inf	50	1.0005594845662151
0.27	0.4	Inf	50	1.019265172889275
0.27	0.8	Inf	50	0.9800449487144087
0.28	0	Inf	50	1
0.28	0.05	Inf	50	1.0008766714033246
0.28	0.1	Inf	50	1.003746129800645
0.28	0.2	Inf	50	1.0041492708587865
0.28	0.4	Inf	50	1.0844826734828645
0.28	0.8	Inf	50	1.0539948900599174
0.29	0	Inf	50	1
0.29	0.05	Inf	50	1.0009135957969824
0.29	0.1	Inf	50	1.0093564120998968
0.29	0.2	Inf	50	1.0155025427998698
0.29	0.4	Inf	50	1.0376623602341364
0.29	0.8	Inf	50	1.0439084727505803
0.3	0	Inf	50	1
0.3	0.05	Inf	50	1.0015437236432545
0.3	0.1	Inf	50	1.0053155558654348
0.3	0.2	Inf	50	1.0015553679837035
0.3	0.4	Inf	50	1.04122382709807
0.3	0.8	Inf	50	1.1022125920309276
0.31	0	Inf	50	1
0.31	0.05	Inf	50	1.0023050680803538
0.31	0.1	Inf	50	1.000287252044238
0.31	0.2	Inf	50	0.9894002481209923
0.31	0.4	Inf	50	1.0345778646339645
0.31	0.8	Inf	50	0.999496573707438
0.32	0	Inf	50	1
0.32	0.05	Inf	50	1.0129658487650324
0.32	0.1	Inf	50	1.0143413678304811
0.32	0.2	Inf	50	1.0467393303385693
0.32	0.4	Inf	50	1.0191137157241739
0.32	0.8	Inf	50	1.0556537025740556
0.33	0	Inf	50	1
0.33	0.05	Inf	50	1.0046049631783087
0.33	0.1	Inf	50	1.0143973370418302
0.33	0.2	Inf	50	1.0025074225960258
0.33	0.4	Inf	50	1.0341349860218205
0.33	0.8	Inf	50	1.0775042775957728
0.34	0	Inf	50	1
0.34	0.05	Inf	50	1.0020590080345448
0.34	0.1	Inf	50	1.0075854419332102
0.34	0.2	Inf	50	0.9899163794175991
0.34	0.4	Inf	50	0.9941010485594362
0.34	0.8	Inf	50	1.0822177641583342
0.35	0	Inf	50	1
0.35	0.05	Inf	50	1.0020452823451036
0.35	0.1	Inf	50	1.0183757693255275
0.35	0.2	Inf	50	1.0282714990212645
0.35	0.4	Inf	50	1.019886089477588
0.35	0.8	Inf	50	1.0999201942839227
0.36	0	Inf	50	1
0.36	0.05	Inf	50	1.0061182818973786
0.36	0.1	Inf	50	1.006386864969838
0.36	0.2	Inf	50	0.9990152224008831
0.36	0.4	Inf	50	0.9752798726452714
0.36	0.8	Inf	50	1.0438754791201217
0.37	0	Inf	50	1
0.37	0.05	Inf	50	1.003130930824513
0.37	0.1	Inf	50	1.0036074384466873
0.37	0.2	Inf	50	1.02130365937096
0.37	0.4	Inf	50	1.0157619587242015
0.37	0.8	Inf	50	0.9978994140799751
0.38	0	Inf	50	1
0.38	0.05	Inf	50	1.006856233211539
0.38	0.1	Inf	50	1.0028979348717106
0.38	0.2	Inf	50	1.0007258373740013
0.38	0.4	Inf	50	1.0644364442159369
0.38	0.8	Inf	50	0.9455094731104032
0.39	0	Inf	50	1
0.39	0.05	Inf	50	1.0016730944663876
0.39	0.1	Inf	50	1.0066584023249852
0.39	0.2	Inf	50	1.0107530034781909
0.39	0.4	Inf	50	1.038016078833032
0.39	0.8	Inf	50	1.112492090449094
0.4	0	Inf	50	1
0.4	0.05	Inf	50	0.9975054508343576
0.4	0.1	Inf	50	1.000952896819336
0.4	0.2	Inf	50	0.9992908378483047
0.4	0.4	Inf	50	1.0231514022386163
0.4	0.8	Inf	50	1.063223579413728
0.41	0	Inf	50	1
0.41	0.05	Inf	50	1.0043898178433548
0.41	0.1	Inf	50	1.0090377152107994
0.41	0.2	Inf	50	1.0455027885508514
0.41	0.4	Inf	50	0.9975451957313225
0.41	0.8	Inf	50	1.0279753072597115
0.42	0	Inf	50	1
0.42	0.05	Inf	50	0.9992548778256529
0.42	0.1	Inf	50	1.0172340534956394
0.42	0.2	Inf	50	1.0131063900874469
0.42	0.4	Inf	50	1.0198904399517927
0.42	0.8	Inf	50	1.056107440114339
0.43	0	Inf	50	1
0.43	0.05	Inf	50	1.0075804092667628
0.43	0.1	Inf	50	1.0309233046029647
0.43	0.2	Inf	50	0.9912811129111354
0.43	0.4	Inf	50	1.1174813649431856
0.43	0.8	Inf	50	1.0235232949770134
0.44	0	Inf	50	1
0.44	0.05	Inf	50	1.0043997766170607
0.44	0.1	Inf	50	0.9998440204210691
0.44	0.2	Inf	50	1.0178087147581738
0.44	0.4	Inf	50	1.0843208992392894
0.44	0.8	Inf	50	1.1699976857882204
0.45	0	Inf	50	1
0.45	0.05	Inf	50	1.0072158938105484
0.45	0.1	Inf	50	1.0238259764323745
0.45	0.2	Inf	50	1.0176041341535358
0.45	0.4	Inf	50	1.0395858643649947
0.45	0.8	Inf	50	1.0311815659446575
0.46	0	Inf	50	1
0.46	0.05	Inf	50	1.005923792235094
0.46	0.1	Inf	50	1.022180879732352
0.46	0.2	Inf	50	1.0229362716832902
0.46	0.4	Inf	50	1.1000641217780374
0.46	0.8	Inf	50	1.0897750558430155
0.47	0	Inf	50	1
0.47	0.05	Inf	50	1.0139052120625536
0.47	0.1	Inf	50	1.0038193979808376
0.47	0.2	Inf	50	1.002923947145125
0.47	0.4	Inf	50	1.1729800694761348
0.47	0.8	Inf	50	1.2080499183780193
0.48	0	Inf	50	1
0.48	0.05	Inf	50	1.0130993645395934
0.48	0.1	Inf	50	1.0174264414437808
0.48	0.2	Inf	50	1.0143282113051595
0.48	0.4	Inf	50	1.0239488893741184
0.48	0.8	Inf	50	0.9636111779307426
0.49	0	Inf	50	1
0.49	0.05	Inf	50	1.0059470854108687
0.49	0.1	Inf	50	1.0277970574291242
0.49	0.2	Inf	50	1.0246696472391377
0.49	0.4	Inf	50	1.0132430916101263
0.49	0.8	Inf	50	1.0393637813080348
0.5	0	Inf	50	1
0.5	0.05	Inf	50	1.0036070680719198
0.5	0.1	Inf	50	1.0303549702054056
0.5	0.2	Inf	50	1.0181115992548646
0.5	0.4	Inf	50	1.0501488495515088
0.5	0.8	Inf	50	1.0646756861622326
0.51	0	Inf	50	1
0.51	0.05	Inf	50	1.001199416297801
0.51	0.1	Inf	50	1.0107973720426136
0.51	0.2	Inf	50	1.02566662924654
0.51	0.4	Inf	50	1.0414417621021568
0.51	0.8	Inf	50	1.1496415629172345
0.52	0	Inf	50	1
0.52	0.05	Inf	50	1.0016890084424843
0.52	0.1	Inf	50	1.0477551612734963
0.52	0.2	Inf	50	1.0190560626339416
0.52	0.4	Inf	50	1.1620725379104133
0.52	0.8	Inf	50	1.0476092133994852
0.53	0	Inf	50	1
0.53	0.05	Inf	50	1.0143787330106062
0.53	0.1	Inf	50	1.0092557782694618
0.53	0.2	Inf	50	1.0097619384698147
0.53	0.4	Inf	50	1.1827183689712046
0.53	0.8	Inf	50	1.3614601772706374
0.54	0	Inf	50	1
0.54	0.05	Inf	50	1.0035400291858403
0.54	0.1	Inf	50	0.9951959303145264
0.54	0.2	Inf	50	1.0833399284196488
0.54	0.4	Inf	50	1.108626242688882
0.54	0.8	Inf	50	1.0172569422929536
0.55	0	Inf	50	1
0.55	0.05	Inf	50	1.0100757741801039
0.55	0.1	Inf	50	1.0164429905740897
0.55	0.2	Inf	50	1.0499149646675612
0.55	0.4	Inf	50	1.0406102362440595
0.55	0.8	Inf	50	1.009335732271428
0.56	0	Inf	50	1
0.56	0.05	Inf	50	1.0118844353600582
0.56	0.1	Inf	50	1.0066442000766345
0.56	0.2	Inf	50	0.9780619453668228
0.56	0.4	Inf	50	1.1008866488164502
0.56	0.8	Inf	50	0.9648878756327053
0.57	0	Inf	50	1
0.57	0.05	Inf	50	1.0167444341426197
0.57	0.1	Inf	50	1.013239857006345
0.57	0.2	Inf	50	1.01505190579468
0.57	0.4	Inf	50	1.057630999379127
0.57	0.8	Inf	50	1.2755506988506669
0.58	0	Inf	50	1
0.58	0.05	Inf	50	1.0130912537372208
0.58	0.1	Inf	50	1.0389903529285738
0.58	0.2	Inf	50	1.0437704721310053
0.58	0.4	Inf	50	1.0848986034576313
0.58	0.8	Inf	50	1.4339289022652424
0.59	0	Inf	50	1
0.59	0.05	Inf	50	1.003066531088068
0.59	0.1	Inf	50	1.0184584663130622
0.59	0.2	Inf	50	1.0763294031370703
0.59	0.4	Inf	50	1.2087892592904723
0.59	0.8	Inf	50	1.4507854808144574
0.6	0	Inf	50	1
0.6	0.05	Inf	50	1.0071051736053203
0.6	0.1	Inf	50	1.0171592181837568
0.6	0.2	Inf	50	1.0927950750066135
0.6	0.4	Inf	50	1.079578103908819
0.6	0.8	Inf	50	1.2239683120841116
0.61	0	Inf	50	1
0.61	0.05	Inf	50	1.0211536691925218
0.61	0.1	Inf	50	1.0269442756509806
0.61	0.2	Inf	50	1.0090164537733384
0.61	0.4	Inf	50	0.9890092224420877
0.61	0.8	Inf	50	1.204959463006203
0.62	0	Inf	50	1
0.62	0.05	Inf	50	1.0098267245766717
0.62	0.1	Inf	50	1.05162248823114
0.62	0.2	Inf	50	1.0358749003824825
0.62	0.4	Inf	50	1.0443076273555156
0.62	0.8	Inf	50	1.2179760539268427
0.63	0	Inf	50	1
0.63	0.05	Inf	50	1.0030949360815162
0.63	0.1	Inf	50	1.0343883572468582
0.63	0.2	Inf	50	1.0339549053885517
0.63	0.4	Inf	50	1.0322671752277364
0.63	0.8	Inf	50	1.1268220568497032
0.64	0	Inf	50	1
0.64	0.05	Inf	50	1.0091745242423507
0.64	0.1	Inf	50	1.0157174994828624
0.64	0.2	Inf	50	1.0068731270784732
0.64	0.4	Inf	50	1.0687127791680906
0.64	0.8	Inf	50	1.1247975586508183
0.65	0	Inf	50	1
0.65	0.05	Inf	50	1.000840805130863
0.65	0.1	Inf	50	1.0547199979693453
0.65	0.2	Inf	50	1.0271826123446344
0.65	0.4	Inf	50	1.2415018215026716
0.65	0.8	Inf	50	1.1945091619335035
0.66	0	Inf	50	1
0.66	0.05	Inf	50	1.0357011953115096
0.66	0.1	Inf	50	1.00621906606971
0.66	0.2	Inf	50	1.0026755644352239
0.66	0.4	Inf	50	1.0980328371848467
0.66	0.8	Inf	50	1.2891901105180095
0.67	0	Inf	50	1
0.67	0.05	Inf	50	1.0066015153825902
0.67	0.1	Inf	50	1.0460714608015715
0.67	0.2	Inf	50	1.0316547887262058
0.67	0.4	Inf	50	1.2653722599069923
0.67	0.8	Inf	50	1.1311709360051863
0.68	0	Inf	50	1
0.68	0.05	Inf	50	1.0251583094427887
0.68	0.1	Inf	50	1.0206120800563196
0.68	0.2	Inf	50	1.026799519993009
0.68	0.4	Inf	50	1.0280479712857518
0.68	0.8	Inf	50	1.2437589803753701
0.69	0	Inf	50	1
0.69	0.05	Inf	50	1.0077367630007232
0.69	0.1	Inf	50	1.031357874685719
0.69	0.2	Inf	50	1.079463794783936
0.69	0.4	Inf	50	1.1331645540384137
0.69	0.8	Inf	50	1.2681548213193352
0.7	0	Inf	50	1
0.7	0.05	Inf	50	1.0161620321084612
0.7	0.1	Inf	50	1.009286975844689
0.7	0.2	Inf	50	1.0267703814192248
0.7	0.4	Inf	50	1.0804547827673603
0.7	0.8	Inf	50	1.0732883966733584
0.71	0	Inf	50	1
0.71	0.05	Inf	50	1.0057875715475735
0.71	0.1	Inf	50	1.053634822303391
0.71	0.2	Inf	50	1.045584806667683
0.71	0.4	Inf	50	1.158975625473345
0.71	0.8	Inf	50	1.4136336239945497
0.72	0	Inf	50	1
0.72	0.05	Inf	50	1.016965023560763
0.72	0.1	Inf	50	1.0245100151999915
0.72	0.2	Inf	50	1.070133557004152
0.72	0.4	Inf	50	1.1575966843909837
0.72	0.8	Inf	50	1.1839001719144897
0.73	0	Inf	50	1
0.73	0.05	Inf	50	1.0129773774231903
0.73	0.1	Inf	50	1.0141774482994452
0.73	0.2	Inf	50	1.0966662700182268
0.73	0.4	Inf	50	1.122820602299015
0.73	0.8	Inf	50	1.3588174433991753
0.74	0	Inf	50	1
0.74	0.05	Inf	50	1.0409286218953289
0.74	0.1	Inf	50	1.0542646900113808
0.74	0.2	Inf	50	1.0640497766663994
0.74	0.4	Inf	50	1.1459552152223034
0.74	0.8	Inf	50	1.2615781821749295
0.75	0	Inf	50	1
0.75	0.05	Inf	50	1.0076225739160076
0.75	0.1	Inf	50	1.0261116748152066
0.75	0.2	Inf	50	1.0569073079076432
0.75	0.4	Inf	50	1.1432315406547402
0.75	0.8	Inf	50	1.5620146926224767
0.76	0	Inf	50	1
0.76	0.05	Inf	50	1.0091891826060255
0.76	0.1	Inf	50	1.0602021116823883
0.76	0.2	Inf	50	1.1061752078298777
0.76	0.4	Inf	50	1.1132722915429638
0.76	0.8	Inf	50	1.1602118275420106
0.77	0	Inf	50	1
0.77	0.05	Inf	50	1.0217231706785173
0.77	0.1	Inf	50	0.9996001557970298
0.77	0.2	Inf	50	1.0824747613998515
0.77	0.4	Inf	50	1.0966553686904272
0.77	0.8	Inf	50	1.0279703226866093
0.78	0	Inf	50	1
0.78	0.05	Inf	50	1.018413923833449
0.78	0.1	Inf	50	0.9970133259088435
0.78	0.2	Inf	50	1.2285663562494162
0.78	0.4	Inf	50	1.3117763544550414
0.78	0.8	Inf	50	1.1782968920079968
0.79	0	Inf	50	1
0.79	0.05	Inf	50	1.0201504408155997
0.79	0.1	Inf	50	1.054508868318426
0.79	0.2	Inf	50	1.245380222638512
0.79	0.4	Inf	50	1.6019669181438054
0.79	0.8	Inf	50	1.1358263800334834
0.8	0	Inf	50	1
0.8	0.05	Inf	50	1.0225009641771758
0.8	0.1	Inf	50	1.0573186397904637
0.8	0.2	Inf	50	1.0369949275318837
0.8	0.4	Inf	50	1.7279218973324348
0.8	0.8	Inf	50	1.3524790051356135
0.81	0	Inf	50	1
0.81	0.05	Inf	50	1.010935519053
0.81	0.1	Inf	50	1.0224790367297885
0.81	0.2	Inf	50	1.146506348011223
0.81	0.4	Inf	50	1.253695414540637
0.81	0.8	Inf	50	1.8024010061901765
0.82	0	Inf	50	1
0.82	0.05	Inf	50	1.0368015685721632
0.82	0.1	Inf	50	1.050922862546203
0.82	0.2	Inf	50	1.0090213053209474
0.82	0.4	Inf	50	1.4318989695903959
0.82	0.8	Inf	50	1.2712511843881997
0.83	0	Inf	50	1
0.83	0.05	Inf	50	1.0170244329876548
0.83	0.1	Inf	50	1.0478901785054513
0.83	0.2	Inf	50	1.1934996425286886
0.83	0.4	Inf	50	1.3849851291852393
0.83	0.8	Inf	50	1.2416485789765703
0.84	0	Inf	50	1
0.84	0.05	Inf	50	1.063801392835268
0.84	0.1	Inf	50	1.0325808150790081
0.84	0.2	Inf	50	1.1291040640445882
0.84	0.4	Inf	50	1.3648984178926802
0.84	0.8	Inf	50	1.8328155166088251
0.85	0	Inf	50	1
0.85	0.05	Inf	50	1.032067375220189
0.85	0.1	Inf	50	1.1920084393019925
0.85	0.2	Inf	50	1.2180947271005802
0.85	0.4	Inf	50	1.2960059754148743
0.85	0.8	Inf	50	1.475267751778885
0.86	0	Inf	50	1
0.86	0.05	Inf	50	1.0167819149494144
0.86	0.1	Inf	50	1.0015461992037347
0.86	0.2	Inf	50	1.0663495429842988
0.86	0.4	Inf	50	1.174019044505282
0.86	0.8	Inf	50	1.2809759055719434
0.87	0	Inf	50	1
0.87	0.05	Inf	50	1.0269863514568023
0.87	0.1	Inf	50	1.0363152900479646
0.87	0.2	Inf	50	1.1664724973177063
0.87	0.4	Inf	50	1.025938176104064
0.87	0.8	Inf	50	1.1276094806398356
0.88	0	Inf	50	1
0.88	0.05	Inf	50	1.012412546208643
0.88	0.1	Inf	50	1.0272507868061975
0.88	0.2	Inf	50	1.0596292712105693
0.88	0.4	Inf	50	1.1088055763183164
0.88	0.8	Inf	50	1.2631934981050228
0.89	0	Inf	50	1
0.89	0.05	Inf	50	1.0165955290945439
0.89	0.1	Inf	50	1.0293489393355397
0.89	0.2	Inf	50	1.1437504352226555
0.89	0.4	Inf	50	1.0326431927932749
0.89	0.8	Inf	50	1.2957263732773743
0.9	0	Inf	50	1
0.9	0.05	Inf	50	1.032786374371967
0.9	0.1	Inf	50	1.1062813675243741
0.9	0.2	Inf	50	1.1160174131106793
0.9	0.4	Inf	50	1.2656694710107925
0.9	0.8	Inf	50	1.6799778358457729
0.91	0	Inf	50	1
0.91	0.05	Inf	50	1.035604581414555
0.91	0.1	Inf	50	1.091738244267499
0.91	0.2	Inf	50	1.1306885386556749
0.91	0.4	Inf	50	1.1167150368364909
0.91	0.8	Inf	50	2.472296462564687
0.92	0	Inf	50	1
0.92	0.05	Inf	50	1.0347257127958644
0.92	0.1	Inf	50	1.0326696622196705
0.92	0.2	Inf	50	1.1266981076676983
0.92	0.4	Inf	50	1.3849305175077196
0.92	0.8	Inf	50	1.3148477330822808
0.93	0	Inf	50	1
0.93	0.05	Inf	50	1.033307811293576
0.93	0.1	Inf	50	1.0226960303224695
0.93	0.2	Inf	50	1.14195098931557
0.93	0.4	Inf	50	1.0706502052980893
0.93	0.8	Inf	50	1.1822408306237597
0.94	0	Inf	50	1
0.94	0.05	Inf	50	1.0462551299662353
0.94	0.1	Inf	50	1.0183079624554883
0.94	0.2	Inf	50	1.0678680024612266
0.94	0.4	Inf	50	1.1895311214963935
0.94	0.8	Inf	50	1.2569849930404169
0.95	0	Inf	50	1
0.95	0.05	Inf	50	1.0204192019135303
0.95	0.1	Inf	50	1.0108665885973478
0.95	0.2	Inf	50	1.1112324949601327
0.95	0.4	Inf	50	1.2644116702441317
0.95	0.8	Inf	50	1.4507915116589682
0.96	0	Inf	50	1
0.96	0.05	Inf	50	1.0288925099516035
0.96	0.1	Inf	50	1.0382466262964218
0.96	0.2	Inf	50	1.1837114394775279
0.96	0.4	Inf	50	1.149790654981187
0.96	0.8	Inf	50	1.5105899985305995
0.97	0	Inf	50	1
0.97	0.05	Inf	50	1.0183210459957541
0.97	0.1	Inf	50	1.0480551926659256
0.97	0.2	Inf	50	1.4084072685104068
0.97	0.4	Inf	50	1.5084298679952903
0.97	0.8	Inf	50	1.4279209336876173
0.98	0	Inf	50	1
0.98	0.05	Inf	50	1.0166327223429867
0.98	0.1	Inf	50	1.2253767314970867
0.98	0.2	Inf	50	1.1353921429759548
0.98	0.4	Inf	50	1.518776448807634
0.98	0.8	Inf	50	2.073452224188988
0.99	0	Inf	50	1
0.99	0.05	Inf	50	1.034456050764807
0.99	0.1	Inf	50	1.165665581165765
0.99	0.2	Inf	50	1.2001813287065606
0.99	0.4	Inf	50	1.1016840950595945
0.99	0.8	Inf	50	1.5605399131817
1	0	Inf	50	1
1	0.05	Inf	50	1.0547020793362827
1	0.1	Inf	50	1.0587765174451693
1	0.2	Inf	50	1.2922613009081938
1	0.4	Inf	50	1.3669425574981933
1	0.8	Inf	50	1.2097839822780398
0	0	Inf	75	1
0	0.05	Inf	75	1
0	0.1	Inf	75	1.0000000000000002
0	0.2	Inf	75	1
0	0.4	Inf	75	1
0	0.8	Inf	75	1
0.01	0	Inf	75	1
0.01	0.05	Inf	75	1.0003218627781147
0.01	0.1	Inf	75	1.0008706722536072
0.01	0.2	Inf	75	1.0018436707802914
0.01	0.4	Inf	75	1.0029163634394895
0.01	0.8	Inf	75	1.0053082822062396
0.02	0	Inf	75	1
0.02	0.05	Inf	75	1.000588340139723
0.02	0.1	Inf	75	1.0015058657202673
0.02	0.2	Inf	75	1.0029046810955937
0.02	0.4	Inf	75	1.0062941644547752
0.02	0.8	Inf	75	1.006975881730845
0.03	0	Inf	75	1
0.03	0.05	Inf	75	1.0006446801452995
0.03	0.1	Inf	75	1.0038529974005448
0.03	0.2	Inf	75	1.0046773977072974
0.03	0.4	Inf	75	1.0089833440711002
0.03	0.8	Inf	75	1.0124945525382354
0.04	0	Inf	75	1
0.04	0.05	Inf	75	1.000504466163548
0.04	0.1	Inf	75	1.0024327168112963
0.04	0.2	Inf	75	1.0038661201894972
0.04	0.4	Inf	75	1.0124544795050037
0.04	0.8	Inf	75	1.0197343475957181
0.05	0	Inf	75	1
0.05	0.05	Inf	75	1.0014450718389996
0.05	0.1	Inf	75	1.0025367921848143
0.05	0.2	Inf	75	1.0056357828467348
0.05	0.4	Inf	75	1.0161973163037439
0.05	0.8	Inf	75	1.023152446772587
0.06	0	Inf	75	1
0.06	0.05	Inf	75	1.0011887404546385
0.06	0.1	Inf	75	1.0051292524218598
0.06	0.2	Inf	75	1.0063048355420063
0.06	0.4	Inf	75	1.0131603315236175
0.06	0.8	Inf	75	1.028588935325845
0.07	0	Inf	75	1
0.07	0.05	Inf	75	1.001876706707401
0.07	0.1	Inf	75	1.0044021652094768
0.07	0.2	Inf	75	1.0092850834340612
0.07	0.4	Inf	75	1.027240105144709
0.07	0.8	Inf	75	1.029733103026939
0.08	0	Inf	75	1
0.08	0.05	Inf	75	1.0028672395206222
0.08	0.1	Inf	75	1.0048124060133692
0.08	0.2	Inf	75	1.009453589554605
0.08	0.4	Inf	75	1.017102763525579
0.08	0.8	Inf	75	1.046515218797286
0.09	0	Inf	75	1
0.09	0.05	Inf	75	1.0021855462001557
0.09	0.1	Inf	75	1.0057129645658416
0.09	0.2	Inf	75	1.0174213436778727
0.09	0.4	Inf	75	1.0249396746483317
0.09	0.8	Inf	75	1.0385269763068243
0.1	0	Inf	75	1
0.1	0.05	Inf	75	1.0044888463431714
0.1	0.1	Inf	75	1.0049744450634632
0.1	0.2	Inf	75	1.019358013364231
0.1	0.4	Inf	75	1.031469653721241
0.1	0.8	Inf	75	1.0602177448721675
0.11	0	Inf	75	1
0.11	0.05	Inf	75	1.0045562352677928
0.11	0.1	Inf	75	1.0083754734945862
0.11	0.2	Inf	75	1.0069644842757859
0.11	0.4	Inf	75	1.0168554571714714
0.11	0.8	Inf	75	1.0575466020594941
0.12	0	Inf	75	1
0.12	0.05	Inf	75	1.00493892486046
0.12	0.1	Inf	75	1.008393087098149
0.12	0.2	Inf	75	1.013626344359197
0.12	0.4	Inf	75	1.0521444114503684
0.12	0.8	Inf	75	1.0574506179414973
0.13	0	Inf	75	1
0.13	0.05	Inf	75	1.0045134046761013
0.13	0.1	Inf	75	1.0119391961353994
0.13	0.2	Inf	75	1.0102579940064913
0.13	0.4	Inf	75	1.0349358607110448
0.13	0.8	Inf	75	1.079143084849338
0.14	0	Inf	75	1
0.14	0.05	Inf	75	1.0071881925889505
0.14	0.1	Inf	75	1.0085835940040033
0.14	0.2	Inf	75	1.0357170323541594
0.14	0.4	Inf	75	1.0298424526025172
0.14	0.8	Inf	75	1.0815883717026276
0.15	0	Inf	75	1
0.15	0.05	Inf	75	1.005713546778952
0.15	0.1	Inf	75	1.0081125169766416
0.15	0.2	Inf	75	1.0233844898369968
0.15	0.4	Inf	75	1.0587935486209015
0.15	0.8	Inf	75	1.0691338310669005
0.16	0	Inf	75	1
0.16	0.05	Inf	75	1.006362249649885
0.16	0.1	Inf	75	1.0160756275825
0.16	0.2	Inf	75	1.0181288019167285
0.16	0.4	Inf	75	1.0388689324644367
0.16	0.8	Inf	75	1.0745881593498627
0.17	0	Inf	75	1
0.17	0.05	Inf	75	1.0067403324477189
0.17	0.1	Inf	75	1.012424561199711
0.17	0.2	Inf	75	1.044951759364678
0.17	0.4	Inf	75	1.0333463924244033
0.17	0.8	Inf	75	1.0891249218160641
0.18	0	Inf	75	1
0.18	0.05	Inf	75	1.0050581386397144
0.18	0.1	Inf	75	1.0057271785166562
0.18	0.2	Inf	75	1.0404350873009873
0.18	0.4	Inf	75	1.0618536858706058
0.18	0.8	Inf	75	1.1536023846080399
0.19	0	Inf	75	1
0.19	0.05	Inf	75	1.0051904140853054
0.19	0.1	Inf	75	1.026012931683518
0.19	0.2	Inf	75	1.0152463816230237
0.19	0.4	Inf	75	1.0564991438339866
0.19	0.8	Inf	75	1.089957497129026
0.2	0	Inf	75	1
0.2	0.05	Inf	75	1.0088763215236285
0.2	0.1	Inf	75	1.020933835480874
0.2	0.2	Inf	75	1.057803396282273
0.2	0.4	Inf	75	1.0614353012909739
0.2	0.8	Inf	75	1.1299371281906958
0.21	0	Inf	75	1
0.21	0.05	Inf	75	1.0086957537998766
0.21	0.1	Inf	75	1.0175359440236222
0.21	0.2	Inf	75	1.0309241744723012
0.21	0.4	Inf	75	1.089807298993625
0.21	0.8	Inf	75	1.205118236128691
0.22	0	Inf	75	1
0.22	0.05	Inf	75	1.012237959013476
0.22	0.1	Inf	75	1.0164676535971902
0.22	0.2	Inf	75	1.04028273329421
0.22	0.4	Inf	75	1.0267733860270924
0.22	0.8	Inf	75	1.2009455588400506
0.23	0	Inf	75	1
0.23	0.05	Inf	75	1.0098611040612342
0.23	0.1	Inf	75	1.0214170269694836
0.23	0.2	Inf	75	1.0262762315131055
0.23	0.4	Inf	75	1.052081871812373
0.23	0.8	Inf	75	1.235162882073171
0.24	0	Inf	75	1
0.24	0.05	Inf	75	1.009931313410029
0.24	0.1	Inf	75	1.0188499987155295
0.24	0.2	Inf	75	1.0544165611110725
0.24	0.4	Inf	75	1.0759183746290883
0.24	0.8	Inf	75	1.1453007325692457
0.25	0	Inf	75	1
0.25	0.05	Inf	75	1.0204209235131474
0.25	0.1	Inf	75	1.0144919383279891
0.25	0.2	Inf	75	1.0455395701411898
0.25	0.4	Inf	75	1.0658542453351372
0.25	0.8	Inf	75	1.2794197909694625
0.26	0	Inf	75	1
0.26	0.05	Inf	75	1.0083922736468427
0.26	0.1	Inf	75	1.0160352136268491
0.26	0.2	Inf	75	1.0319935073711373
0.26	0.4	Inf	75	1.086407734023716
0.26	0.8	Inf	75	1.2706969908236563
0.27	0	Inf	75	1
0.27	0.05	Inf	75	1.0084324838608323
0.27	0.1	Inf	75	1.028345865576012
0.27	0.2	Inf	75	1.0385002043427862
0.27	0.4	Inf	75	1.1315884729574073
0.27	0.8	Inf	75	1.1157156784689795
0.28	0	Inf	75	1
0.28	0.05	Inf	75	1.0202199086969372
0.28	0.1	Inf	75	1.019732101771957
0.28	0.2	Inf	75	1.0383744418731637
0.28	0.4	Inf	75	1.1320525301246467
0.28	0.8	Inf	75	1.2001354169882725
0.29	0	Inf	75	1
0.29	0.05	Inf	75	1.0134705454052086
0.29	0.1	Inf	75	1.023273839955557
0.29	0.2	Inf	75	1.0458141759319752
0.29	0.4	Inf	75	1.118606942974854
0.29	0.8	Inf	75	1.1776675394944387
0.3	0	Inf	75	1
0.3	0.05	Inf	75	1.0143361872324785
0.3	0.1	Inf	75	1.0235176402684523
0.3	0.2	Inf	75	1.0818835850657265
0.3	0.4	Inf	75	1.1274260049285212
0.3	0.8	Inf	75	1.1889276991211504
0.31	0	Inf	75	1
0.31	0.05	Inf	75	1.018241939036475
0.31	0.1	Inf	75	1.0328472521412118
0.31	0.2	Inf	75	1.0374301383961206
0.31	0.4	Inf	75	1.1454489379475434
0.31	0.8	Inf	75	1.2353108318792283
0.32	0	Inf	75	1
0.32	0.05	Inf	75	1.0260191837453836
0.32	0.1	Inf	75	1.029287847542676
0.32	0.2	Inf	75	1.0798421599360646
0.32	0.4	Inf	75	1.0523877924688954
0.32	0.8	Inf	75	1.2061501709416538
0.33	0	Inf	75	1
0.33	0.05	Inf	75	1.015521038468152
0.33	0.1	Inf	75	1.028410862801491
0.33	0.2	Inf	75	1.0664950975488088
0.33	0.4	Inf	75	1.1531138558082574
0.33	0.8	Inf	75	1.2246343535304443
0.34	0	Inf	75	1
0.34	0.05	Inf	75	1.0145355699346292
0.34	0.1	Inf	75	1.0349217764638745
0.34	0.2	Inf	75	1.098981060768911
0.34	0.4	Inf	75	1.1244131555680132
0.34	0.8	Inf	75	1.2901408952803288
0.35	0	Inf	75	1
0.35	0.05	Inf	75	1.026047993755998
0.35	0.1	Inf	75	1.0627408052159468
0.35	0.2	Inf	75	1.0637766787087484
0.35	0.4	Inf	75	1.1299232498560339
0.35	0.8	Inf	75	1.3491017937214078
0.36	0	Inf	75	1
0.36	0.05	Inf	75	1.0217078152307646
0.36	0.1	Inf	75	1.0427798045701622
0.36	0.2	Inf	75	1.0390701311530992
0.36	0.4	Inf	75	1.1009442707334736
0.36	0.8	Inf	75	1.1691506663620586
0.37	0	Inf	75	1
0.37	0.05	Inf	75	1.0180345525696002
0.37	0.1	Inf	75	1.0441800097280145
0.37	0.2	Inf	75	1.0739661540179326
0.37	0.4	Inf	75	1.0863625201952751
0.37	0.8	Inf	75	1.28567691308874
0.38	0	Inf	75	1
0.38	0.05	Inf	75	1.0177682617422934
0.38	0.1	Inf	75	1.015713130229844
0.38	0.2	Inf	75	1.0357639477525868
0.38	0.4	Inf	75	1.1921648773184241
0.38	0.8	Inf	75	1.222027541336173
0.39	0	Inf	75	1
0.39	0.05	Inf	75	1.0155846016473706
0.39	0.1	Inf	75	1.040376024486508
0.39	0.2	Inf	75	1.0734904011751671
0.39	0.4	Inf	75	1.195175706475573
0.39	0.8	Inf	75	1.4047144322338672
0.4	0	Inf	75	1
0.4	0.05	Inf	75	1.016604851051742
0.4	0.1	Inf	75	1.0258232234758702
0.4	0.2	Inf	75	1.1288128937087665
0.4	0.4	Inf	75	1.226078248774943
0.4	0.8	Inf	75	1.376793582519448
0.41	0	Inf	75	1
0.41	0.05	Inf	75	1.0171188985334834
0.41	0.1	Inf	75	1.020998097957448
0.41	0.2	Inf	75	1.1123901021707248
0.41	0.4	Inf	75	1.230643509100583
0.41	0.8	Inf	75	1.3692350491147174
0.42	0	Inf	75	1
0.42	0.05	Inf	75	1.0266716389700188
0.42	0.1	Inf	75	1.0493599326185332
0.42	0.2	Inf	75	1.0870418136536026
0.42	0.4	Inf	75	1.0585597676195677
0.42	0.8	Inf	75	1.388918972395556
0.43	0	Inf	75	1
0.43	0.05	Inf	75	1.0297848871852975
0.43	0.1	Inf	75	1.0614863116646078
0.43	0.2	Inf	75	1.070296227283818
0.43	0.4	Inf	75	1.2569239063339843
0.43	0.8	Inf	75	1.4558884018582559
0.44	0	Inf	75	1
0.44	0.05	Inf	75	1.029272888813169
0.44	0.1	Inf	75	1.056125421866541
0.44	0.2	Inf	75	1.0689180324670235
0.44	0.4	Inf	75	1.2429199279115655
0.44	0.8	Inf	75	1.4693955235655378
0.45	0	Inf	75	1
0.45	0.05	Inf	75	1.0254309524365706
0.45	0.1	Inf	75	1.0329440776275958
0.45	0.2	Inf	75	1.1322866489779284
0.45	0.4	Inf	75	1.0926427115524557
0.45	0.8	Inf	75	1.6273035993442138
0.46	0	Inf	75	1
0.46	0.05	Inf	75	1.0323819111505665
0.46	0.1	Inf	75	1.039864673929893
0.46	0.2	Inf	75	1.196696213500774
0.46	0.4	Inf	75	1.2183313650155079
0.46	0.8	Inf	75	1.3053046733370666
0.47	0	Inf	75	1
0.47	0.05	Inf	75	1.0275271996058024
0.47	0.1	Inf	75	1.0411440850546554
0.47	0.2	Inf	75	1.0766788847416804
0.47	0.4	Inf	75	1.3105792729039973
0.47	0.8	Inf	75	1.7800477405565043
0.48	0	Inf	75	1
0.48	0.05	Inf	75	1.0319287451816974
0.48	0.1	Inf	75	1.0747059606982956
0.48	0.2	Inf	75	1.1189846095203166
0.48	0.4	Inf	75	1.205607161701259
0.48	0.8	Inf	75	1.3119107746579963
0.49	0	Inf	75	1
0.49	0.05	Inf	75	1.0235203580240135
0.49	0.1	Inf	75	1.1395500115356312
0.49	0.2	Inf	75	1.1141851750174463
0.49	0.4	Inf	75	1.0957265219107195
0.49	0.8	Inf	75	1.3081169922612423
0.5	0	Inf	75	1
0.5	0.05	Inf	75	1.0177360086654406
0.5	0.1	Inf	75	1.0584449085946372
0.5	0.2	Inf	75	1.1429688219251386
0.5	0.4	Inf	75	1.1972183709439763
0.5	0.8	Inf	75	1.32501581391309
0.51	0	Inf	75	1
0.51	0.05	Inf	75	1.0202019953075876
0.51	0.1	Inf	75	1.0434918715675634
0.51	0.2	Inf	75	1.1527955858910262
0.51	0.4	Inf	75	1.1489415681046768
0.51	0.8	Inf	75	1.5062345118385378
0.52	0	Inf	75	1
0.52	0.05	Inf	75	1.0222513075018567
0.52	0.1	Inf	75	1.1635779728647022
0.52	0.2	Inf	75	1.2257400482250853
0.52	0.4	Inf	75	1.3421611769178194
0.52	0.8	Inf	75	1.2198181358132703
0.53	0	Inf	75	1
0.53	0.05	Inf	75	1.0276717225483833
0.53	0.1	Inf	75	1.0634557590467582
0.53	0.2	Inf	75	1.1490748224073108
0.53	0.4	Inf	75	1.4645679953691382
0.53	0.8	Inf	75	1.7199869720497314
0.54	0	Inf	75	1
0.54	0.05	Inf	75	1.0323171686229942
0.54	0.1	Inf	75	1.0415085600811849
0.54	0.2	Inf	75	1.2551691997083185
0.54	0.4	Inf	75	1.248695706227854
0.54	0.8	Inf	75	1.4200464003508544
0.55	0	Inf	75	1
0.55	0.05	Inf	75	1.0507413579928562
0.55	0.1	Inf	75	1.058913216209373
0.55	0.2	Inf	75	1.1279904801057103
0.55	0.4	Inf	75	1.1892157171708324
0.55	0.8	Inf	75	1.3764979230110115
0.56	0	Inf	75	1
0.56	0.05	Inf	75	1.0252028439161918
0.56	0.1	Inf	75	1.0289337654143358
0.56	0.2	Inf	75	1.1072086110487933
0.56	0.4	Inf	75	1.3485276886026354
0.56	0.8	Inf	75	1.3284515931967635
0.57	0	Inf	75	1
0.57	0.05	Inf	75	1.0615413030257257
0.57	0.1	Inf	75	1.0714550805728447
0.57	0.2	Inf	75	1.2053758558138252
0.57	0.4	Inf	75	1.3404897389838943
0.57	0.8	Inf	75	1.518190032893958
0.58	0	Inf	75	1
0.58	0.05	Inf	75	1.0324953972193809
0.58	0.1	Inf	75	1.0879861636706938
0.58	0.2	Inf	75	1.1071572880730103
0.58	0.4	Inf	75	1.5362636555246365
0.58	0.8	Inf	75	2.295325937502364
0.59	0	Inf	75	1
0.59	0.05	Inf	75	1.0277908926910113
0.59	0.1	Inf	75	1.0887575240715996
0.59	0.2	Inf	75	1.151950669963231
0.59	0.4	Inf	75	1.4657789697086885
0.59	0.8	Inf	75	2.2527931820149507
0.6	0	Inf	75	1
0.6	0.05	Inf	75	1.031654781902513
0.6	0.1	Inf	75	1.0581048538447724
0.6	0.2	Inf	75	1.2046466958086146
0.6	0.4	Inf	75	1.277348949636716
0.6	0.8	Inf	75	1.8086939803444562
0.61	0	Inf	75	1
0.61	0.05	Inf	75	1.0332000803235444
0.61	0.1	Inf	75	1.061169802132295
0.61	0.2	Inf	75	1.1079821301027797
0.61	0.4	Inf	75	1.5396761241266066
0.61	0.8	Inf	75	2.0421936277096844
0.62	0	Inf	75	1
0.62	0.05	Inf	75	1.0841182311700355
0.62	0.1	Inf	75	1.1200630703401206
0.62	0.2	Inf	75	1.1492332983277151
0.62	0.4	Inf	75	1.1902464111386784
0.62	0.8	Inf	75	1.4409365470006845
0.63	0	Inf	75	1
0.63	0.05	Inf	75	1.0317433599416133
0.63	0.1	Inf	75	1.0962463073449946
0.63	0.2	Inf	75	1.1216734347530748
0.63	0.4	Inf	75	1.4773708489034194
0.63	0.8	Inf	75	1.5264691407954274
0.64	0	Inf	75	1
0.64	0.05	Inf	75	1.0378324613420566
0.64	0.1	Inf	75	1.078133065594812
0.64	0.2	Inf	75	1.1028049792847372
0.64	0.4	Inf	75	1.2661360835106108
0.64	0.8	Inf	75	2.6675562238011525
0.65	0	Inf	75	1
0.65	0.05	Inf	75	1.0400345025735516
0.65	0.1	Inf	75	1.099762600135208
0.65	0.2	Inf	75	1.1242445145499467
0.65	0.4	Inf	75	1.6399313230639483
0.65	0.8	Inf	75	1.5510405143206443
0.66	0	Inf	75	1
0.66	0.05	Inf	75	1.0787721597456508
0.66	0.1	Inf	75	1.045866964752171
0.66	0.2	Inf	75	1.0900248388934353
0.66	0.4	Inf	75	1.3366554826741053
0.66	0.8	Inf	75	1.8161393266849568
0.67	0	Inf	75	1
0.67	0.05	Inf	75	1.0315005086763436
0.67	0.1	Inf	75	1.079227866941865
0.67	0.2	Inf	75	1.1623054276243099
0.67	0.4	Inf	75	1.6021647867397235
0.67	0.8	Inf	75	1.5504234688379035
0.68	0	Inf	75	1
0.68	0.05	Inf	75	1.0957536961537397
0.68	0.1	Inf	75	1.1175970525557033
0.68	0.2	Inf	75	1.1299350213623012
0.68	0.4	Inf	75	1.2133670851954168
0.68	0.8	Inf	75	2.419241947250476
0.69	0	Inf	75	1
0.69	0.05	Inf	75	1.0322307928149406
0.69	0.1	Inf	75	1.1545283476060446
0.69	0.2	Inf	75	1.2564380412896328
0.69	0.4	Inf	75	1.3204546511208248
0.69	0.8	Inf	75	2.050568432054729
0.7	0	Inf	75	1
0.7	0.05	Inf	75	1.067308880172293
0.7	0.1	Inf	75	1.1339047537241056
0.7	0.2	Inf	75	1.153253153981347
0.7	0.4	Inf	75	1.3043027553331585
0.7	0.8	Inf	75	1.7303669661218823
0.71	0	Inf	75	1
0.71	0.05	Inf	75	1.0577816225693941
0.71	0.1	Inf	75	1.1050225465650771
0.71	0.2	Inf	75	1.123726023430692
0.71	0.4	Inf	75	1.35296083879026
0.71	0.8	Inf	75	1.7189473329053366
0.72	0	Inf	75	1
0.72	0.05	Inf	75	1.0497144935514684
0.72	0.1	Inf	75	1.1262319812915278
0.72	0.2	Inf	75	1.3946882034728736
0.72	0.4	Inf	75	1.5917680381619395
0.72	0.8	Inf	75	1.5677454988306798
0.73	0	Inf	75	1
0.73	0.05	Inf	75	1.0417237720301131
0.73	0.1	Inf	75	1.0624691067718581
0.73	0.2	Inf	75	1.299258490670756
0.73	0.4	Inf	75	1.3580420041894246
0.73	0.8	Inf	75	1.9987648731648546
0.74	0	Inf	75	1
0.74	0.05	Inf	75	1.1135811533969557
0.74	0.1	Inf	75	1.1062360839839862
0.74	0.2	Inf	75	1.1640602458368097
0.74	0.4	Inf	75	1.4906606717514916
0.74	0.8	Inf	75	1.9397578022968922
0.75	0	Inf	75	1
0.75	0.05	Inf	75	1.0602405559021362
0.75	0.1	Inf	75	1.1060613330019757
0.75	0.2	Inf	75	1.1897572413287285
0.75	0.4	Inf	75	1.4423550056747194
0.75	0.8	Inf	75	2.7723421720665207
0.76	0	Inf	75	1
0.76	0.05	Inf	75	1.0867231792499277
0.76	0.1	Inf	75	1.146309094696048
0.76	0.2	Inf	75	1.3402318304800325
0.76	0.4	Inf	75	1.3982025028163583
0.76	0.8	Inf	75	1.997492257090847
0.77	0	Inf	75	1
0.77	0.05	Inf	75	1.0645360301224593
0.77	0.1	Inf	75	1.1909642420460682
0.77	0.2	Inf	75	1.2679921280082147
0.77	0.4	Inf	75	1.6017050212540236
0.77	0.8	Inf	75	1.6229696536571856
0.78	0	Inf	75	1
0.78	0.05	Inf	75	1.0772373103700825
0.78	0.1	Inf	75	1.0822966657248676
0.78	0.2	Inf	75	1.3390781231040976
0.78	0.4	Inf	75	1.6863513201479003
0.78	0.8	Inf	75	1.918082346040698
0.79	0	Inf	75	1
0.79	0.05	Inf	75	1.1118516148972573
0.79	0.1	Inf	75	1.1168382786284465
0.79	0.2	Inf	75	1.7033580533545127
0.79	0.4	Inf	75	2.2432056242186422
0.79	0.8	Inf	75	2.047311556946314
0.8	0	Inf	75	1
0.8	0.05	Inf	75	1.0708300998951932
0.8	0.1	Inf	75	1.1460432669112932
0.8	0.2	Inf	75	1.1457088374238007
0.8	0.4	Inf	75	2.173336717047535
0.8	0.8	Inf	75	2.4590719743089413
0.81	0	Inf	75	1
0.81	0.05	Inf	75	1.033102322664842
0.81	0.1	Inf	75	1.143524823028248
0.81	0.2	Inf	75	1.418522205896577
0.81	0.4	Inf	75	1.8509037751384183
0.81	0.8	Inf	75	3.0293442655863636
0.82	0	Inf	75	1
0.82	0.05	Inf	75	1.128618940949596
0.82	0.1	Inf	75	1.3437173863260168
0.82	0.2	Inf	75	1.1556036616332455
0.82	0.4	Inf	75	1.7314356284167627
0.82	0.8	Inf	75	1.9136443517741468
0.83	0	Inf	75	1
0.83	0.05	Inf	75	1.0578171349386474
0.83	0.1	Inf	75	1.1824219398752474
0.83	0.2	Inf	75	1.5552397100904303
0.83	0.4	Inf	75	2.1451882955664194
0.83	0.8	Inf	75	1.6374330042259237
0.84	0	Inf	75	1
0.84	0.05	Inf	75	1.1004428310820527
0.84	0.1	Inf	75	1.1400116098732558
0.84	0.2	Inf	75	1.2719035604342692
0.84	0.4	Inf	75	1.7819913549300073
0.84	0.8	Inf	75	3.1511781878534197
0.85	0	Inf	75	1
0.85	0.05	Inf	75	1.083418043020413
0.85	0.1	Inf	75	1.3419236613430172
0.85	0.2	Inf	75	1.699525296507689
0.85	0.4	Inf	75	2.643304650594798
0.85	0.8	Inf	75	3.1678167291191044
0.86	0	Inf	75	1
0.86	0.05	Inf	75	1.0791460057987958
0.86	0.1	Inf	75	1.2586554866973962
0.86	0.2	Inf	75	1.148636922242723
0.86	0.4	Inf	75	1.5919647031283333
0.86	0.8	Inf	75	1.7213710789107461
0.87	0	Inf	75	1
0.87	0.05	Inf	75	1.0720073899409899
0.87	0.1	Inf	75	1.08915254471809
0.87	0.2	Inf	75	1.6263079222645476
0.87	0.4	Inf	75	1.4193195422699483
0.87	0.8	Inf	75	2.1010053105639677
0.88	0	Inf	75	1
0.88	0.05	Inf	75	1.0703270855580989
0.88	0.1	Inf	75	1.1326717275942464
0.88	0.2	Inf	75	1.4296600871620198
0.88	0.4	Inf	75	1.2418449072299553
0.88	0.8	Inf	75	1.52384929638556
0.89	0	Inf	75	1
0.89	0.05	Inf	75	1.037342710854193
0.89	0.1	Inf	75	1.1275853139605672
0.89	0.2	Inf	75	1.4643190169231255
0.89	0.4	Inf	75	1.7675763952559551
0.89	0.8	Inf	75	1.9721068654254261
0.9	0	Inf	75	1
0.9	0.05	Inf	75	1.0994590211067854
0.9	0.1	Inf	75	1.3558020026096624
0.9	0.2	Inf	75	1.2667366488156984
0.9	0.4	Inf	75	1.9933634058400966
0.9	0.8	Inf	75	2.7605401820279964
0.91	0	Inf	75	1
0.91	0.05	Inf	75	1.057177867910992
0.91	0.1	Inf	75	1.1223328374573516
0.91	0.2	Inf	75	1.422920117096798
0.91	0.4	Inf	75	1.4195394727426944
0.91	0.8	Inf	75	4.948882042292636
0.92	0	Inf	75	1
0.92	0.05	Inf	75	1.13259214651503
0.92	0.1	Inf	75	1.0748964687686786
0.92	0.2	Inf	75	1.3919629283445607
0.92	0.4	Inf	75	2.008853800551237
0.92	0.8	Inf	75	2.407400969216801
0.93	0	Inf	75	1
0.93	0.05	Inf	75	1.1083176133378951
0.93	0.1	Inf	75	1.2724818781249188
0.93	0.2	Inf	75	1.321197394595829
0.93	0.4	Inf	75	1.4120846144906714
0.93	0.8	Inf	75	1.674848946817746
0.94	0	Inf	75	1
0.94	0.05	Inf	75	1.127175498648604
0.94	0.1	Inf	75	1.1391483050403939
0.94	0.2	Inf	75	1.492573494743578
0.94	0.4	Inf	75	2.411486511442781
0.94	0.8	Inf	75	1.9370712164292119
0.95	0	Inf	75	1
0.95	0.05	Inf	75	1.0905970901186726
0.95	0.1	Inf	75	1.0824070296241428
0.95	0.2	Inf	75	1.295583449558176
0.95	0.4	Inf	75	2.5551910890543392
0.95	0.8	Inf	75	2.106160772308724
0.96	0	Inf	75	1
0.96	0.05	Inf	75	1.044057350413837
0.96	0.1	Inf	75	1.0847457260920492
0.96	0.2	Inf	75	1.6353808073421903
0.96	0.4	Inf	75	1.543120438231874
0.96	0.8	Inf	75	2.7646029224870508
0.97	0	Inf	75	1
0.97	0.05	Inf	75	1.0882572601321132
0.97	0.1	Inf	75	1.3296668412770511
0.97	0.2	Inf	75	1.8441497044491495
0.97	0.4	Inf	75	2.5681367022075863
0.97	0.8	Inf	75	2.9450365641662164
0.98	0	Inf	75	1
0.98	0.05	Inf	75	1.1002256827792007
0.98	0.1	Inf	75	1.3054298632927033
0.98	0.2	Inf	75	1.8340059632038324
0.98	0.4	Inf	75	2.0653863890272284
0.98	0.8	Inf	75	4.150812069197354
0.99	0	Inf	75	1
0.99	0.05	Inf	75	1.0669253447669185
0.99	0.1	Inf	75	1.25359735347106
0.99	0.2	Inf	75	1.9132544919250114
0.99	0.4	Inf	75	1.5018216867161347
0.99	0.8	Inf	75	3.424509317424281
1	0	Inf	75	1
1	0.05	Inf	75	1.1560713621241683
1	0.1	Inf	75	1.1529021719435881
1	0.2	Inf	75	1.5556018045080984
1	0.4	Inf	75	1.7195860062817108
1	0.8	Inf	75	1.8534887878759445
0	0	Inf	100	1
0	0.05	Inf	100	1.0000000000000002
0	0.1	Inf	100	1.0000000000000002
0	0.2	Inf	100	1.0000000000000004
0	0.4	Inf	100	1.0000000000000007
0	0.8	Inf	100	1.0000000000000013
0.01	0	Inf	100	1
0.01	0.05	Inf	100	1.0011734278129933
0.01	0.1	Inf	100	1.0016254532390505
0.01	0.2	Inf	100	1.0036360344880726
0.01	0.4	Inf	100	1.0068870407317874
0.01	0.8	Inf	100	1.0183219227641138
0.02	0	Inf	100	1
0.02	0.05	Inf	100	1.001867814461518
0.02	0.1	Inf	100	1.0040684008657947
0.02	0.2	Inf	100	1.0073019147094444
0.02	0.4	Inf	100	1.0163666191498113
0.02	0.8	Inf	100	1.0391210924386303
0.03	0	Inf	100	1
0.03	0.05	Inf	100	1.003679460685042
0.03	0.1	Inf	100	1.0060641200226212
0.03	0.2	Inf	100	1.0104077336659412
0.03	0.4	Inf	100	1.031788328641449
0.03	0.8	Inf	100	1.0322669407674434
0.04	0	Inf	100	1
0.04	0.05	Inf	100	1.0041920477550283
0.04	0.1	Inf	100	1.0101285855328697
0.04	0.2	Inf	100	1.0197254896371573
0.04	0.4	Inf	100	1.0442932789116173
0.04	0.8	Inf	100	1.0804172514007733
0.05	0	Inf	100	1
0.05	0.05	Inf	100	1.0044774486487418
0.05	0.1	Inf	100	1.0116720473763423
0.05	0.2	Inf	100	1.0119862776521336
0.05	0.4	Inf	100	1.0362757936915346
0.05	0.8	Inf	100	1.0577252780926143
0.06	0	Inf	100	1
0.06	0.05	Inf	100	1.0065917032558602
0.06	0.1	Inf	100	1.0118910072192224
0.06	0.2	Inf	100	1.0140888519635614
0.06	0.4	Inf	100	1.035430662460961
0.06	0.8	Inf	100	1.1064030199777024
0.07	0	Inf	100	1
0.07	0.05	Inf	100	1.0078879182409932
0.07	0.1	Inf	100	1.0188497599643969
0.07	0.2	Inf	100	1.0217962387624244
0.07	0.4	Inf	100	1.0714720535286222
0.07	0.8	Inf	100	1.1055654910142483
0.08	0	Inf	100	1
0.08	0.05	Inf	100	1.008218874970221
0.08	0.1	Inf	100	1.0160448457139117
0.08	0.2	Inf	100	1.0301929911578505
0.08	0.4	Inf	100	1.1084463353161016
0.08	0.8	Inf	100	1.128913824113891
0.09	0	Inf	100	1
0.09	0.05	Inf	100	1.0071324004864313
0.09	0.1	Inf	100	1.0134808000039675
0.09	0.2	Inf	100	1.0278253348614912
0.09	0.4	Inf	100	1.1143696330932598
0.09	0.8	Inf	100	1.1784243868117494
0.1	0	Inf	100	1
0.1	0.05	Inf	100	1.010654675853787
0.1	0.1	Inf	100	1.0142099426868016
0.1	0.2	Inf	100	1.0630399201872054
0.1	0.4	Inf	100	1.0760092160917305
0.1	0.8	Inf	100	1.085019334762853
0.11	0	Inf	100	1
0.11	0.05	Inf	100	1.0123958161313604
0.11	0.1	Inf	100	1.0228459041405487
0.11	0.2	Inf	100	1.0296224686502644
0.11	0.4	Inf	100	1.0816883912085693
0.11	0.8	Inf	100	1.1437172752079825
0.12	0	Inf	100	1
0.12	0.05	Inf	100	1.0257701426875803
0.12	0.1	Inf	100	1.020548237159474
0.12	0.2	Inf	100	1.0528278786708822
0.12	0.4	Inf	100	1.0931977807574036
0.12	0.8	Inf	100	1.2326244015813517
0.13	0	Inf	100	1
0.13	0.05	Inf	100	1.0117977198980375
0.13	0.1	Inf	100	1.021491557021517
0.13	0.2	Inf	100	1.0673741187226717
0.13	0.4	Inf	100	1.1187375649148732
0.13	0.8	Inf	100	1.2535495535876167
0.14	0	Inf	100	1
0.14	0.05	Inf	100	1.0154962134563323
0.14	0.1	Inf	100	1.060415434411512
0.14	0.2	Inf	100	1.1019077747660195
0.14	0.4	Inf	100	1.1427711592096423
0.14	0.8	Inf	100	1.276709704064717
0.15	0	Inf	100	1
0.15	0.05	Inf	100	1.0170297296712458
0.15	0.1	Inf	100	1.0297677517885395
0.15	0.2	Inf	100	1.088711590320555
0.15	0.4	Inf	100	1.1617543435450193
0.15	0.8	Inf	100	1.2932407673121278
0.16	0	Inf	100	1
0.16	0.05	Inf	100	1.0207680547123752
0.16	0.1	Inf	100	1.0478508627691392
0.16	0.2	Inf	100	1.073686243764018
0.16	0.4	Inf	100	1.1094862027517731
0.16	0.8	Inf	100	1.362861730147906
0.17	0	Inf	100	1
0.17	0.05	Inf	100	1.0161031086322077
0.17	0.1	Inf	100	1.045644108625587
0.17	0.2	Inf	100	1.1215050630426138
0.17	0.4	Inf	100	1.135661103407945
0.17	0.8	Inf	100	1.4614292389464494
0.18	0	Inf	100	1
0.18	0.05	Inf	100	1.022109394164622
0.18	0.1	Inf	100	1.0371659731334795
0.18	0.2	Inf	100	1.1261837027478065
0.18	0.4	Inf	100	1.2343483005770561
0.18	0.8	Inf	100	1.518632074236272
0.19	0	Inf	100	1
0.19	0.05	Inf	100	1.0286064653590905
0.19	0.1	Inf	100	1.0546391001859787
0.19	0.2	Inf	100	1.07167954829412
0.19	0.4	Inf	100	1.2894825519721813
0.19	0.8	Inf	100	1.708474511424537
0.2	0	Inf	100	1
0.2	0.05	Inf	100	1.018326520736165
0.2	0.1	Inf	100	1.0842801257335162
0.2	0.2	Inf	100	1.0951943394480517
0.2	0.4	Inf	100	1.2185210485532691
0.2	0.8	Inf	100	1.4999957061046396
0.21	0	Inf	100	1
0.21	0.05	Inf	100	1.0250783274149786
0.21	0.1	Inf	100	1.024677493847921
0.21	0.2	Inf	100	1.1408464204341322
0.21	0.4	Inf	100	1.186565519528716
0.21	0.8	Inf	100	1.5487136342270758
0.22	0	Inf	100	1
0.22	0.05	Inf	100	1.0239124715263808
0.22	0.1	Inf	100	1.029836586332502
0.22	0.2	Inf	100	1.130708352617141
0.22	0.4	Inf	100	1.2454453661066514
0.22	0.8	Inf	100	1.4689819910607134
0.23	0	Inf	100	1
0.23	0.05	Inf	100	1.0346138445531772
0.23	0.1	Inf	100	1.0807505498662717
0.23	0.2	Inf	100	1.1470794945796243
0.23	0.4	Inf	100	1.3143209155953968
0.23	0.8	Inf	100	1.5190615791980466
0.24	0	Inf	100	1
0.24	0.05	Inf	100	1.0296400415738989
0.24	0.1	Inf	100	1.0494002883614948
0.24	0.2	Inf	100	1.1416913521001164
0.24	0.4	Inf	100	1.12555452664827
0.24	0.8	Inf	100	1.61373987665222
0.25	0	Inf	100	1
0.25	0.05	Inf	100	1.027025339772307
0.25	0.1	Inf	100	1.0579047592964241
0.25	0.2	Inf	100	1.132679097056659
0.25	0.4	Inf	100	1.121491173451766
0.25	0.8	Inf	100	2.2044657323736394
0.26	0	Inf	100	1
0.26	0.05	Inf	100	1.0124014010389946
0.26	0.1	Inf	100	1.0897918166799478
0.26	0.2	Inf	100	1.073986068256161
0.26	0.4	Inf	100	1.4603801901992997
0.26	0.8	Inf	100	1.681291755879493
0.27	0	Inf	100	1
0.27	0.05	Inf	100	1.0363257082362243
0.27	0.1	Inf	100	1.0693996617398218
0.27	0.2	Inf	100	1.0894118504428771
0.27	0.4	Inf	100	1.3393783370613463
0.27	0.8	Inf	100	1.5931472636913442
0.28	0	Inf	100	1
0.28	0.05	Inf	100	1.0514002111668623
0.28	0.1	Inf	100	1.0614294105045945
0.28	0.2	Inf	100	1.131678336970818
0.28	0.4	Inf	100	1.2288972524504862
0.28	0.8	Inf	100	1.7180496222931925
0.29	0	Inf	100	1
0.29	0.05	Inf	100	1.0462542435372182
0.29	0.1	Inf	100	1.088251154182767
0.29	0.2	Inf	100	1.2437980389181469
0.29	0.4	Inf	100	1.379360137446514
0.29	0.8	Inf	100	1.8373479446544896
0.3	0	Inf	100	1
0.3	0.05	Inf	100	1.0334459205360302
0.3	0.1	Inf	100	1.0687758005160237
0.3	0.2	Inf	100	1.2269948519564862
0.3	0.4	Inf	100	1.2384559079676658
0.3	0.8	Inf	100	1.47025576017805
0.31	0	Inf	100	1
0.31	0.05	Inf	100	1.040508377271776
0.31	0.1	Inf	100	1.1597038143103096
0.31	0.2	Inf	100	1.103253055955936
0.31	0.4	Inf	100	1.4209835099091364
0.31	0.8	Inf	100	1.7527536283657674
0.32	0	Inf	100	1
0.32	0.05	Inf	100	1.0446629673636125
0.32	0.1	Inf	100	1.061913114440233
0.32	0.2	Inf	100	1.1525091883195435
0.32	0.4	Inf	100	1.5901099421567313
0.32	0.8	Inf	100	2.186470204863198
0.33	0	Inf	100	1
0.33	0.05	Inf	100	1.027735050485898
0.33	0.1	Inf	100	1.0764967239742844
0.33	0.2	Inf	100	1.15232181109649
0.33	0.4	Inf	100	1.2695819135681754
0.33	0.8	Inf	100	1.6552949472661989
0.34	0	Inf	100	1
0.34	0.05	Inf	100	1.0540019179753783
0.34	0.1	Inf	100	1.1305662766694615
0.34	0.2	Inf	100	1.5760701443496048
0.34	0.4	Inf	100	1.3249019067672327
0.34	0.8	Inf	100	2.4975450499457152
0.35	0	Inf	100	1
0.35	0.05	Inf	100	1.0783118994151415
0.35	0.1	Inf	100	1.138484966176861
0.35	0.2	Inf	100	1.406699882326304
0.35	0.4	Inf	100	1.334967711365207
0.35	0.8	Inf	100	2.0504902500117868
0.36	0	Inf	100	1
0.36	0.05	Inf	100	1.0578075320317246
0.36	0.1	Inf	100	1.1078311183692493
0.36	0.2	Inf	100	1.125562277249933
0.36	0.4	Inf	100	1.4152374339018876
0.36	0.8	Inf	100	1.5907919182719192
0.37	0	Inf	100	1
0.37	0.05	Inf	100	1.0625830901765112
0.37	0.1	Inf	100	1.1003809628724943
0.37	0.2	Inf	100	1.3232203153069513
0.37	0.4	Inf	100	1.4107612437951937
0.37	0.8	Inf	100	1.8631252695911953
0.38	0	Inf	100	1
0.38	0.05	Inf	100	1.0861032748053376
0.38	0.1	Inf	100	1.1406192997236737
0.38	0.2	Inf	100	1.1789474536175057
0.38	0.4	Inf	100	1.6854192723772448
0.38	0.8	Inf	100	1.7720004722835598
0.39	0	Inf	100	1
0.39	0.05	Inf	100	1.0567034143164948
0.39	0.1	Inf	100	1.1184029972771499
0.39	0.2	Inf	100	1.1893646747179887
0.39	0.4	Inf	100	1.3160848348139935
0.39	0.8	Inf	100	2.1698492017773305
0.4	0	Inf	100	1
0.4	0.05	Inf	100	1.1285801931407564
0.4	0.1	Inf	100	1.0878421024478289
0.4	0.2	Inf	100	1.3961352479578304
0.4	0.4	Inf	100	1.421516988098601
0.4	0.8	Inf	100	2.217232436456151
0.41	0	Inf	100	1
0.41	0.05	Inf	100	1.049008602564231
0.41	0.1	Inf	100	1.149666027887202
0.41	0.2	Inf	100	1.4648437371051066
0.41	0.4	Inf	100	1.5212981834335098
0.41	0.8	Inf	100	1.802898350537465
0.42	0	Inf	100	1
0.42	0.05	Inf	100	1.1049142992136987
0.42	0.1	Inf	100	1.1573809047917814
0.42	0.2	Inf	100	1.21281701718164
0.42	0.4	Inf	100	1.6087361236709965
0.42	0.8	Inf	100	2.563046498268025
0.43	0	Inf	100	1
0.43	0.05	Inf	100	1.1481235344110088
0.43	0.1	Inf	100	1.1349087440897059
0.43	0.2	Inf	100	1.479059412317396
0.43	0.4	Inf	100	1.448137630660295
0.43	0.8	Inf	100	3.0191819695419846
0.44	0	Inf	100	1
0.44	0.05	Inf	100	1.0728418624464675
0.44	0.1	Inf	100	1.308930051706596
0.44	0.2	Inf	100	1.317132477274952
0.44	0.4	Inf	100	1.496643885491589
0.44	0.8	Inf	100	2.451284379770519
0.45	0	Inf	100	1
0.45	0.05	Inf	100	1.0792535688510212
0.45	0.1	Inf	100	1.107159083553855
0.45	0.2	Inf	100	1.4446704167926334
0.45	0.4	Inf	100	2.2032545934383534
0.45	0.8	Inf	100	4.325876463757116
0.46	0	Inf	100	1
0.46	0.05	Inf	100	1.0614863717399408
0.46	0.1	Inf	100	1.118717727678324
0.46	0.2	Inf	100	1.3853765187263367
0.46	0.4	Inf	100	1.6327246842206595
0.46	0.8	Inf	100	1.7570538627331087
0.47	0	Inf	100	1
0.47	0.05	Inf	100	1.0530706128788057
0.47	0.1	Inf	100	1.1352698050260193
0.47	0.2	Inf	100	1.2408920588988477
0.47	0.4	Inf	100	2.222649574009637
0.47	0.8	Inf	100	2.292567102569131
0.48	0	Inf	100	1
0.48	0.05	Inf	100	1.0437963048518168
0.48	0.1	Inf	100	1.1275044906591836
0.48	0.2	Inf	100	1.184380782411028
0.48	0.4	Inf	100	1.3874960234033824
0.48	0.8	Inf	100	2.8676010385905126
0.49	0	Inf	100	1
0.49	0.05	Inf	100	1.106026820036919
0.49	0.1	Inf	100	1.3194480811324203
0.49	0.2	Inf	100	1.368458016755629
0.49	0.4	Inf	100	1.402750748287576
0.49	0.8	Inf	100	2.2214112033881843
0.5	0	Inf	100	1
0.5	0.05	Inf	100	1.0620177949797063
0.5	0.1	Inf	100	1.2806443387675353
0.5	0.2	Inf	100	1.359145464878678
0.5	0.4	Inf	100	1.5991638897731701
0.5	0.8	Inf	100	4.2327918302823475
0.51	0	Inf	100	1
0.51	0.05	Inf	100	1.0845355439600495
0.51	0.1	Inf	100	1.1349757576976531
0.51	0.2	Inf	100	1.6136827232022917
0.51	0.4	Inf	100	2.1019684478838605
0.51	0.8	Inf	100	7.723453404279182
0.52	0	Inf	100	1
0.52	0.05	Inf	100	1.0898435337149959
0.52	0.1	Inf	100	1.3313249721409526
0.52	0.2	Inf	100	1.6497730648014908
0.52	0.4	Inf	100	1.9645685828793311
0.52	0.8	Inf	100	2.268731748768665
0.53	0	Inf	100	1
0.53	0.05	Inf	100	1.1032897071020966
0.53	0.1	Inf	100	1.1345609972622677
0.53	0.2	Inf	100	1.408681132119373
0.53	0.4	Inf	100	2.2601916091454872
0.53	0.8	Inf	100	4.905333163159036
0.54	0	Inf	100	1
0.54	0.05	Inf	100	1.1007404441345543
0.54	0.1	Inf	100	1.1582076953462856
0.54	0.2	Inf	100	1.4336376119772916
0.54	0.4	Inf	100	2.35384717966525
0.54	0.8	Inf	100	3.5101099473995445
0.55	0	Inf	100	1
0.55	0.05	Inf	100	1.2106202231797358
0.55	0.1	Inf	100	1.365471515557089
0.55	0.2	Inf	100	1.5823953575687066
0.55	0.4	Inf	100	2.2851962684895053
0.55	0.8	Inf	100	2.482350772947693
0.56	0	Inf	100	1
0.56	0.05	Inf	100	1.0944522965929395
0.56	0.1	Inf	100	1.3210980742299288
0.56	0.2	Inf	100	1.7776122152320526
0.56	0.4	Inf	100	1.985852216568356
0.56	0.8	Inf	100	2.1982285253773783
0.57	0	Inf	100	1
0.57	0.05	Inf	100	1.0958280272294187
0.57	0.1	Inf	100	1.318170639030589
0.57	0.2	Inf	100	2.4996684080831493
0.57	0.4	Inf	100	1.8733571770403028
0.57	0.8	Inf	100	4.223164229773815
0.58	0	Inf	100	1
0.58	0.05	Inf	100	1.1248495604184794
0.58	0.1	Inf	100	1.2241923062499886
0.58	0.2	Inf	100	1.5195004636213232
0.58	0.4	Inf	100	2.234779539473702
0.58	0.8	Inf	100	3.745111868157795
0.59	0	Inf	100	1
0.59	0.05	Inf	100	1.1512037490647016
0.59	0.1	Inf	100	1.3219302152776742
0.59	0.2	Inf	100	1.4006774924616165
0.59	0.4	Inf	100	1.8978440972271173
0.59	0.8	Inf	100	3.0346277274144926
0.6	0	Inf	100	1
0.6	0.05	Inf	100	1.2145292685535467
0.6	0.1	Inf	100	1.3751901826227635
0.6	0.2	Inf	100	1.5562333166170135
0.6	0.4	Inf	100	1.9966374389370207
0.6	0.8	Inf	100	3.522872742784777
0.61	0	Inf	100	1
0.61	0.05	Inf	100	1.2037020263674554
0.61	0.1	Inf	100	1.1221397710589156
0.61	0.2	Inf	100	1.3446469833328056
0.61	0.4	Inf	100	2.412488621613416
0.61	0.8	Inf	100	4.46354930145356
0.62	0	Inf	100	1
0.62	0.05	Inf	100	1.1698932734734824
0.62	0.1	Inf	100	1.4574738132287361
0.62	0.2	Inf	100	1.4225431841324565
0.62	0.4	Inf	100	1.6911954900630448
0.62	0.8	Inf	100	4.570943539613911
0.63	0	Inf	100	1
0.63	0.05	Inf	100	1.1014924559815793
0.63	0.1	Inf	100	1.2901980118057446
0.63	0.2	Inf	100	2.2721189858418565
0.63	0.4	Inf	100	3.2893713896183487
0.63	0.8	Inf	100	5.394887940193051
0.64	0	Inf	100	1
0.64	0.05	Inf	100	1.3880663176138535
0.64	0.1	Inf	100	1.7658824795148165
0.64	0.2	Inf	100	1.3516666505862784
0.64	0.4	Inf	100	2.060376608069639
0.64	0.8	Inf	100	6.806001125077129
0.65	0	Inf	100	1
0.65	0.05	Inf	100	1.1232264187804823
0.65	0.1	Inf	100	1.2898064903377977
0.65	0.2	Inf	100	1.6311500899999265
0.65	0.4	Inf	100	2.7666326432921813
0.65	0.8	Inf	100	3.72818392069178
0.66	0	Inf	100	1
0.66	0.05	Inf	100	1.464460918632037
0.66	0.1	Inf	100	1.4777194732809569
0.66	0.2	Inf	100	1.240668052834944
0.66	0.4	Inf	100	2.1916957433879936
0.66	0.8	Inf	100	2.9383902320511437
0.67	0	Inf	100	1
0.67	0.05	Inf	100	1.1031901642223818
0.67	0.1	Inf	100	1.153637876984082
0.67	0.2	Inf	100	1.6137260015092043
0.67	0.4	Inf	100	3.6534937889428307
0.67	0.8	Inf	100	3.2165995518223776
0.68	0	Inf	100	1
0.68	0.05	Inf	100	1.3654495415350405
0.68	0.1	Inf	100	1.640035581380087
0.68	0.2	Inf	100	2.323884692176908
0.68	0.4	Inf	100	3.3591309544731316
0.68	0.8	Inf	100	9.43036370926454
0.69	0	Inf	100	1
0.69	0.05	Inf	100	1.1176745710920069
0.69	0.1	Inf	100	1.5561094759613272
0.69	0.2	Inf	100	1.7108078860542368
0.69	0.4	Inf	100	1.7598341497390906
0.69	0.8	Inf	100	15.14208066388521
0.7	0	Inf	100	1
0.7	0.05	Inf	100	1.2944931182604766
0.7	0.1	Inf	100	1.4324226183404556
0.7	0.2	Inf	100	2.38575319079607
0.7	0.4	Inf	100	2.0616006522082517
0.7	0.8	Inf	100	3.5893980403614587
0.71	0	Inf	100	1
0.71	0.05	Inf	100	1.125703169731599
0.71	0.1	Inf	100	1.418641613287966
0.71	0.2	Inf	100	1.9520023682837706
0.71	0.4	Inf	100	2.562964337441565
0.71	0.8	Inf	100	2.9186274261071117
0.72	0	Inf	100	1
0.72	0.05	Inf	100	1.2209841107084725
0.72	0.1	Inf	100	1.5984631655319121
0.72	0.2	Inf	100	2.4163557582801256
0.72	0.4	Inf	100	5.104257716597198
0.72	0.8	Inf	100	7.79880039744146
0.73	0	Inf	100	1
0.73	0.05	Inf	100	1.1751386410569116
0.73	0.1	Inf	100	1.2706266763927183
0.73	0.2	Inf	100	1.7566565411190296
0.73	0.4	Inf	100	1.977099322067119
0.73	0.8	Inf	100	6.154531474410371
0.74	0	Inf	100	1
0.74	0.05	Inf	100	1.3299476886395953
0.74	0.1	Inf	100	1.232463970369637
0.74	0.2	Inf	100	2.1489668311198558
0.74	0.4	Inf	100	2.7114508207837127
0.74	0.8	Inf	100	3.889640206474006
0.75	0	Inf	100	1
0.75	0.05	Inf	100	1.1414368731244406
0.75	0.1	Inf	100	1.318241260701599
0.75	0.2	Inf	100	2.662758261844708
0.75	0.4	Inf	100	3.3285044588789257
0.75	0.8	Inf	100	9.992774598619174
0.76	0	Inf	100	1
0.76	0.05	Inf	100	1.7618799792581534
0.76	0.1	Inf	100	1.3778235742334706
0.76	0.2	Inf	100	1.7064984092154065
0.76	0.4	Inf	100	2.9107333573214778
0.76	0.8	Inf	100	3.4897635294370453
0.77	0	Inf	100	1
0.77	0.05	Inf	100	1.575745121322592
0.77	0.1	Inf	100	1.4369465134195663
0.77	0.2	Inf	100	2.2363615151002922
0.77	0.4	Inf	100	7.064087364053542
0.77	0.8	Inf	100	3.4827533134733866
0.78	0	Inf	100	1
0.78	0.05	Inf	100	1.1703410245132477
0.78	0.1	Inf	100	1.4751161487880133
0.78	0.2	Inf	100	2.5581860364193703
0.78	0.4	Inf	100	2.7764647015058155
0.78	0.8	Inf	100	6.704041870564873
0.79	0	Inf	100	1
0.79	0.05	Inf	100	1.2326916656036224
0.79	0.1	Inf	100	1.543440999788885
0.79	0.2	Inf	100	2.60721282669671
0.79	0.4	Inf	100	5.333731861479733
0.79	0.8	Inf	100	4.18231267859266
0.8	0	Inf	100	1
0.8	0.05	Inf	100	1.2353506584029552
0.8	0.1	Inf	100	2.143775281503061
0.8	0.2	Inf	100	1.4189036808243514
0.8	0.4	Inf	100	3.861482949292323
0.8	0.8	Inf	100	3.702454770338789
0.81	0	Inf	100	1
0.81	0.05	Inf	100	1.171689225018557
0.81	0.1	Inf	100	1.4881230851116611
0.81	0.2	Inf	100	4.43064876499787
0.81	0.4	Inf	100	2.4209166348967583
0.81	0.8	Inf	100	4.99794621094408
0.82	0	Inf	100	1
0.82	0.05	Inf	100	1.4154640399436973
0.82	0.1	Inf	100	1.761770520176823
0.82	0.2	Inf	100	1.8297073604352223
0.82	0.4	Inf	100	2.158053924401166
0.82	0.8	Inf	100	11.43708016170491
0.83	0	Inf	100	1
0.83	0.05	Inf	100	1.5660850576985503
0.83	0.1	Inf	100	2.1517553025570786
0.83	0.2	Inf	100	2.6062706964974223
0.83	0.4	Inf	100	8.008322072598833
0.83	0.8	Inf	100	4.667670860531408
0.84	0	Inf	100	1
0.84	0.05	Inf	100	1.2135013117893967
0.84	0.1	Inf	100	1.7227346823272571
0.84	0.2	Inf	100	1.640869964209298
0.84	0.4	Inf	100	2.3372518436828056
0.84	0.8	Inf	100	7.776205160526508
0.85	0	Inf	100	1
0.85	0.05	Inf	100	1.271531722242829
0.85	0.1	Inf	100	1.9354808045721263
0.85	0.2	Inf	100	5.694911859527612
0.85	0.4	Inf	100	5.662265470444363
0.85	0.8	Inf	100	5.959786532663254
0.86	0	Inf	100	1
0.86	0.05	Inf	100	1.3742066702087918
0.86	0.1	Inf	100	2.1602129532548915
0.86	0.2	Inf	100	1.8488571294269223
0.86	0.4	Inf	100	1.926786852119999
0.86	0.8	Inf	100	5.683295758492118
0.87	0	Inf	100	1
0.87	0.05	Inf	100	1.5039927109429299
0.87	0.1	Inf	100	1.626998272068237
0.87	0.2	Inf	100	2.6121303149387316
0.87	0.4	Inf	100	2.276275283240521
0.87	0.8	Inf	100	5.856354996146047
0.88	0	Inf	100	1
0.88	0.05	Inf	100	1.2464714138022104
0.88	0.1	Inf	100	1.6043891163612776
0.88	0.2	Inf	100	2.2644536061763008
0.88	0.4	Inf	100	2.684908581710975
0.88	0.8	Inf	100	5.143483720050264
0.89	0	Inf	100	1
0.89	0.05	Inf	100	1.3703158123346044
0.89	0.1	Inf	100	1.8027784672681513
0.89	0.2	Inf	100	3.318112212321924
0.89	0.4	Inf	100	4.503788105706859
0.89	0.8	Inf	100	6.042390369298026
0.9	0	Inf	100	1
0.9	0.05	Inf	100	1.8615502493173408
0.9	0.1	Inf	100	2.4261435725834897
0.9	0.2	Inf	100	2.1171295511492563
0.9	0.4	Inf	100	2.6966244734607163
0.9	0.8	Inf	100	7.017394322493327
0.91	0	Inf	100	1
0.91	0.05	Inf	100	1.1814765892251344
0.91	0.1	Inf	100	1.4273584268472503
0.91	0.2	Inf	100	2.729593511272668
0.91	0.4	Inf	100	4.902710076876614
0.91	0.8	Inf	100	8.512795190638919
0.92	0	Inf	100	1
0.92	0.05	Inf	100	1.3104230700180042
0.92	0.1	Inf	100	1.3280327731911887
0.92	0.2	Inf	100	3.138138549919515
0.92	0.4	Inf	100	3.618064664289329
0.92	0.8	Inf	100	4.859601579904431
0.93	0	Inf	100	1
0.93	0.05	Inf	100	1.346733368164729
0.93	0.1	Inf	100	1.769921043573547
0.93	0.2	Inf	100	2.2428084056077076
0.93	0.4	Inf	100	4.188830822739709
0.93	0.8	Inf	100	12.282186313039896
0.94	0	Inf	100	1
0.94	0.05	Inf	100	1.324834209053913
0.94	0.1	Inf	100	1.6260600155172966
0.94	0.2	Inf	100	4.221298060639542
0.94	0.4	Inf	100	3.1978714538609267
0.94	0.8	Inf	100	6.754419795363349
0.95	0	Inf	100	1
0.95	0.05	Inf	100	1.5672153355361602
0.95	0.1	Inf	100	1.374124682771876
0.95	0.2	Inf	100	3.229957309115097
0.95	0.4	Inf	100	9.30132532672693
0.95	0.8	Inf	100	3.942977239129102
0.96	0	Inf	100	1
0.96	0.05	Inf	100	1.183809845554217
0.96	0.1	Inf	100	2.0453032934654294
0.96	0.2	Inf	100	2.4289046668571928
0.96	0.4	Inf	100	3.5740595126808503
0.96	0.8	Inf	100	16.546447855270845
0.97	0	Inf	100	1
0.97	0.05	Inf	100	1.5325136074387604
0.97	0.1	Inf	100	1.76554896383205
0.97	0.2	Inf	100	3.242127533357694
0.97	0.4	Inf	100	5.154978686418613
0.97	0.8	Inf	100	15.940403990357044
0.98	0	Inf	100	1
0.98	0.05	Inf	100	1.1974818303294263
0.98	0.1	Inf	100	1.93540385268256
0.98	0.2	Inf	100	3.389237399462824
0.98	0.4	Inf	100	3.2657930817017538
0.98	0.8	Inf	100	8.63228487471874
0.99	0	Inf	100	1
0.99	0.05	Inf	100	1.5764291327034574
0.99	0.1	Inf	100	1.768302636822279
0.99	0.2	Inf	100	4.467228467500266
0.99	0.4	Inf	100	2.6602866026091743
0.99	0.8	Inf	100	6.032016840959224
1	0	Inf	100	1
1	0.05	Inf	100	1.5031845683907283
1	0.1	Inf	100	1.8783023424228493
1	0.2	Inf	100	3.137066496401137
1	0.4	Inf	100	2.9380573677971538
1	0.8	Inf	100	4.863295355616746
