init_cond	constr_cond	run_number	seq_length	mutation	mut_scaled	mutation_tot	mut_scaled_tot	mut_mean	esr_mean	A3SS_R1_mean	A3SS_R2_mean	A5SS_R1_mean	A5SS_R2_mean
exon	neutral	0	915	0	0.0	0	0.0	0.00468629684845173	-0.052582990626373616	0.14678316873267044	-0.232127485020062	0.05147980563038281	0.095905123114601
exon	neutral	0	915	183	0.2	188	0.20546448087400002	0.004494464439708561	-0.07749269874725274	0.20287375797674584	-0.3284924464994516	-0.013357342548701636	0.10100660735112546
exon	neutral	0	915	366	0.4	373	0.40765027322400005	0.004558128773770492	-0.07346127341758242	0.26059280362025916	-0.35524714605894014	0.002866842951333713	0.11826980393990191
exon	neutral	0	915	549	0.6	559	0.610928961749	0.004267146406921676	-0.08719687735164834	0.2427813861089578	-0.43421260419687197	-0.04882563800040556	0.10964003154855141
exon	neutral	0	915	732	0.8	745	0.814207650273	0.0037896290211293267	-0.09917629623076922	0.2435133231736813	-0.45620317396984283	-0.03993084929250559	0.11093923995502916
exon	neutral	0	915	915	1.0	938	1.02513661202	0.004215136515482696	-0.07398676305494505	0.25628305018651726	-0.43538804645184837	-0.07140583559229077	0.11634218037541164
exon	neutral	0	915	1098	1.2	1123	1.2273224043700002	0.004017755177413479	-0.07633305132967033	0.2827246870905595	-0.43491317722538775	-0.05642509477856778	0.12119886792962617
exon	neutral	0	915	1281	1.4	1310	1.43169398907	0.004058177072495447	-0.05331382101098901	0.2579916283153808	-0.3631248162800419	-0.017029126949568516	0.11899811223012687
exon	neutral	0	915	1464	1.6	1500	1.6393442622999999	0.0042921787719489984	-0.06803199917582418	0.24204594017694211	-0.39169634233563827	-0.05175837219925562	0.12275388060825355
exon	neutral	0	915	1647	1.8	1691	1.8480874316900002	0.004052171661930784	-0.0825622635164835	0.23322011029344272	-0.4387675377527915	-0.07868197355442287	0.11667178577367773
exon	neutral	0	915	1830	2.0	1881	2.0557377049200003	0.00404209442003643	-0.07035599416483516	0.24218016362447592	-0.3694457029599548	-0.012243211097646627	0.12185005068062318
exon	neutral	0	915	2013	2.2	2072	2.2644808743200002	0.004108215460837888	-0.07342758614285716	0.23995582908143587	-0.38004792006620985	-0.003712018815269466	0.11633546980733474
exon	neutral	0	915	2196	2.4	2260	2.46994535519	0.003686998863387978	-0.06751799362637362	0.21039913684262332	-0.3665189779690929	-0.03617220622465067	0.10943325582862201
exon	neutral	0	915	2379	2.6	2449	2.67650273224	0.003970941759198543	-0.060578233758241756	0.20732877980259765	-0.3662689204965463	-0.06093570276419775	0.10426899690839952
exon	neutral	0	915	2562	2.8	2645	2.89071038251	0.004171667050637522	-0.08158431972527473	0.19659302763933123	-0.38558677180226175	-0.10441623274672042	0.11289625799103753
exon	neutral	0	915	2745	3.0	2837	3.1005464480900002	0.0038783048983606553	-0.06430360749450549	0.20189105139385807	-0.3622004334049747	-0.12051565597036176	0.11820215782180969
exon	neutral	0	915	2928	3.2	3024	3.3049180327900003	0.004000841378870673	-0.08353723568131868	0.1860932671292689	-0.40541346094077385	-0.11482746729128611	0.11180214539110263
exon	neutral	0	915	3111	3.4	3217	3.51584699454	0.0038969626061930783	-0.08198095764835164	0.2076750968811292	-0.37741900826811237	-0.06811182347231694	0.1012914109199175
exon	neutral	0	915	3294	3.6	3407	3.7234972677599996	0.0040032601974499095	-0.0733793133846154	0.24582891335153226	-0.3755367523705855	-0.06425069382921207	0.10222464248895213
exon	neutral	0	915	3477	3.8	3603	3.93770491803	0.00405717276575592	-0.08409265284615385	0.2553263813378709	-0.4153302771361637	-0.08946191407042936	0.10698252039062477
exon	neutral	0	915	3660	4.0	3798	4.150819672130001	0.0040557869748633875	-0.07830627756043955	0.24336251602754835	-0.42787416551455476	-0.09451370846096155	0.1048625400374611
exon	neutral	0	915	3843	4.2	3990	4.3606557377	0.0037403477402550094	-0.09252977031868131	0.2582374254354044	-0.4567626318867544	-0.08422887629563987	0.10916398026371646
exon	neutral	0	915	4026	4.4	4178	4.56612021858	0.004003983543897996	-0.07729474573626374	0.2307474152450101	-0.4224324032862386	-0.05212719242132508	0.10404225737172132
exon	neutral	0	915	4209	4.6	4367	4.77267759563	0.003922708808743169	-0.07383018789010988	0.24464151414550114	-0.40537509309805114	-0.06310568569539304	0.10241114590672323
exon	neutral	0	915	4392	4.8	4563	4.9868852459	0.00404457073989071	-0.084225222	0.2642677001711393	-0.40007343416780244	-0.055183292253439736	0.10873784926515556
exon	neutral	0	915	4575	5.0	4750	5.1912568306	0.004113408402550091	-0.0776564263186813	0.3079597101046726	-0.4114213509508078	-0.07557294022766091	0.13220335553174362
exon	neutral	0	915	4758	5.2	4942	5.40109289617	0.004009661757377049	-0.08664707004395605	0.2983165772963073	-0.4109697875220235	-0.03194630266548619	0.11607761118664894
exon	neutral	0	915	4941	5.4	5132	5.6087431694	0.003741215507103825	-0.09646384137362637	0.2915257716543862	-0.43717475341273315	-0.06319300380884617	0.1135381536748366
exon	neutral	0	915	5124	5.6	5326	5.82076502732	0.004015903995264116	-0.08975277637362637	0.2884116817833762	-0.39776038253794416	-0.04848973735227666	0.10801529030484958
exon	neutral	0	915	5307	5.8	5514	6.0262295082	0.003989935099817851	-0.09201307975824176	0.2726170196868335	-0.39730454415855554	-0.04268648531696508	0.11031383876203447
exon	neutral	0	915	5490	6.0	5706	6.2360655737699995	0.0039277636571949	-0.07294785493406594	0.2385632335278876	-0.3371042458850533	-0.010032141020737382	0.10042002381159401
exon	neutral	0	915	5673	6.2	5894	6.44153005464	0.00407339103715847	-0.06958588502197803	0.2659429857723301	-0.3522860038312584	0.013253600563239033	0.10356929810065846
exon	neutral	0	915	5856	6.4	6082	6.646994535519999	0.004110537770127504	-0.07610288845054945	0.23061388079888415	-0.35351314683933466	0.0462988956951971	0.09943677910171998
exon	neutral	0	915	6039	6.6	6271	6.8535519125699995	0.004371960534790529	-0.05736756957142857	0.2245781978800011	-0.3068840175035386	0.0695687092101733	0.11397204054666117
exon	neutral	0	915	6222	6.8	6462	7.06229508197	0.004223250072859745	-0.060946009153846153	0.2303625088877797	-0.32209402487851296	0.052179062159124434	0.11522984470936672
exon	neutral	0	915	6405	7.0	6648	7.265573770489999	0.004211237475045538	-0.07884305716483517	0.23233606936541953	-0.39833122354779804	-0.002220147972416611	0.11557933076920063
exon	neutral	0	915	6588	7.2	6845	7.480874316939999	0.004176630208743169	-0.09215418836263736	0.25121422469390164	-0.4197624446092777	-0.03349572824915721	0.11360170725554074
exon	neutral	0	915	6771	7.4	7039	7.69289617486	0.0040019291202185794	-0.0696366538901099	0.2155714957341921	-0.3641539210929018	0.018229207951212183	0.10704029977131586
exon	neutral	0	915	6954	7.6	7225	7.89617486339	0.0043747670211293265	-0.08957534752747254	0.16674164419273618	-0.37314907295432426	-0.013184334628406099	0.09761320905776105
exon	neutral	0	915	7137	7.8	7416	8.10491803279	0.004264800918397086	-0.06256096624175825	0.1901202672602429	-0.3364711383161337	0.02383575740226032	0.10279456834504286
exon	neutral	0	915	7320	8.0	7606	8.31256830601	0.004185476780692168	-0.06991227825274726	0.1853635068941655	-0.35073708141522836	-0.019250338270104247	0.09897625415341785
exon	neutral	0	915	7503	8.2	7795	8.51912568306	0.004301267478324226	-0.07761909187912089	0.1789180319714432	-0.3478941743222271	0.025193632672889894	0.09470976739513545
exon	neutral	0	915	7686	8.4	7985	8.726775956280001	0.004152130555191257	-0.05318870502197802	0.16861546227478844	-0.32294083202389734	0.02195820643967634	0.10070506046157007
exon	neutral	0	915	7869	8.6	8177	8.93661202186	0.0038452350925318765	-0.08538837719780219	0.202209107230862	-0.3962874626342814	-0.024448865204831503	0.09133486199918173
exon	neutral	0	915	8052	8.8	8364	9.14098360656	0.0040508287402550094	-0.07910506238461538	0.232340357799867	-0.40970897810414564	-0.06662445754965383	0.09706426995122877
exon	neutral	0	915	8235	9.0	8549	9.34316939891	0.003895284303460838	-0.0901746868021978	0.25395279380874314	-0.4361038192807437	-0.059989490311069614	0.1052388567016568
exon	neutral	0	915	8418	9.2	8739	9.55081967213	0.004156316453916211	-0.0779981411978022	0.2179234329196659	-0.3679884543468826	0.01582359439995414	0.10515336174457948
exon	neutral	0	915	8601	9.4	8927	9.756284153010002	0.0042591790153005465	-0.08460166694505496	0.2486961984725431	-0.40475360768337004	-0.039975515069770706	0.10977105524776419
exon	neutral	0	915	8784	9.6	9123	9.97049180328	0.004079816560655738	-0.07515960447252747	0.2240549244318296	-0.38657044295598164	-0.04461295569219005	0.10595247362694322
exon	neutral	0	915	8967	9.8	9309	10.1737704918	0.004502354956648452	-0.08187961920879121	0.2081141921722518	-0.40212090689765456	-0.06209733797410789	0.10482796264470623
exon	neutral	0	915	9150	10.0	9501	10.3836065574	0.004136113147905282	-0.07925832684615385	0.1949457433963466	-0.3801580576680195	-0.0442841907598094	0.10201261012305114
exon	neutral	1	936	0	0.0	0	0.0	0.0044037558839031335	-0.014531249581095598	0.1053338909389801	-0.12437245555755419	0.14861544831031134	0.08180184302002275
exon	neutral	1	936	187	0.199786324786	192	0.205128205128	0.004152759042022792	-0.05667880905477981	0.18657061441318457	-0.24079633659113292	0.04399609330377401	0.10309147026089234
exon	neutral	1	936	374	0.399572649573	383	0.409188034188	0.00443805193554131	-0.04583917881847476	0.24097729192431738	-0.2324167755619206	0.05376794559936273	0.10379343239227005
exon	neutral	1	936	561	0.599358974359	580	0.619658119658	0.004089547133547008	-0.06083055784103115	0.26529220697273936	-0.3086879358321947	0.007346966514252753	0.11563296825381827
exon	neutral	1	936	748	0.799145299145	773	0.825854700855	0.00420125310042735	-0.056052187851772295	0.23676950041285152	-0.2917122844380834	0.027095622688754085	0.10751964299536462
exon	neutral	1	936	936	1.0	967	1.0331196581200002	0.004091529227920228	-0.0636361313104189	0.23279663256431354	-0.32452904332182486	0.01575115367221748	0.08992607530967463
exon	neutral	1	936	1123	1.19978632479	1159	1.23824786325	0.004580901953347579	-0.06405920221267455	0.20247913300239465	-0.3469422867952616	-0.01495631979152415	0.09310009096840388
exon	neutral	1	936	1310	1.3995726495700003	1347	1.4391025641	0.004484476981125357	-0.07349716808807735	0.20184608324756603	-0.3430376290234123	-0.026961547150439164	0.09672467498940487
exon	neutral	1	936	1497	1.5993589743599999	1537	1.64209401709	0.003863170641737891	-0.0863034041783029	0.22113088649276194	-0.37166237479162423	-0.08135074003551701	0.10820793790548836
exon	neutral	1	936	1684	1.7991452991499999	1729	1.84722222222	0.004506968978632478	-0.08035023297529537	0.2873290449685772	-0.41520110706725993	-0.08194684345326476	0.10421632594427606
exon	neutral	1	936	1872	2.0	1925	2.05662393162	0.00412756643554131	-0.0800264680773362	0.2736921951136645	-0.4008363485616132	-0.06617074017775335	0.09935951370956199
exon	neutral	1	936	2059	2.19978632479	2119	2.2638888888900004	0.004047167133190884	-0.08936646719656283	0.2857910441353809	-0.4358452944317641	-0.08535162307876382	0.11266352734823311
exon	neutral	1	936	2246	2.39957264957	2311	2.4690170940200002	0.004449128855769231	-0.0923646143179377	0.2745084019878754	-0.458044825635076	-0.11070679571664993	0.11118841201415866
exon	neutral	1	936	2433	2.59935897436	2506	2.67735042735	0.004290422252849003	-0.09586819069817401	0.2862507156856197	-0.45722615832461533	-0.07278598208540044	0.1245210840038085
exon	neutral	1	936	2620	2.79914529915	2701	2.88568376068	0.0039460187229344735	-0.12279979330827066	0.3367660964574752	-0.5511310693376956	-0.16079478990636245	0.12721210353304518
exon	neutral	1	936	2808	3.0	2894	3.0918803418799996	0.004026147248219373	-0.11672098960257787	0.2811446508883101	-0.49579676548530405	-0.13197528982890908	0.10764173926290788
exon	neutral	1	936	2995	3.1997863247900002	3088	3.29914529915	0.0038627656396011396	-0.11889713719656285	0.26104258969071065	-0.512748061703104	-0.1677335348715147	0.10999676020680568
exon	neutral	1	936	3182	3.39957264957	3279	3.50320512821	0.0038812213194444442	-0.0894963327282492	0.246324951396805	-0.4625519006898824	-0.11861306897575695	0.11439147489162137
exon	neutral	1	936	3369	3.59935897436	3479	3.71688034188	0.004074807638176638	-0.08788783237379162	0.2605296919867951	-0.4074423819259477	-0.04515813826159855	0.11342386042349763
exon	neutral	1	936	3556	3.79914529915	3673	3.92414529915	0.003974049512820513	-0.07727741810955963	0.26616289194847215	-0.412377563438988	-0.0633983286496613	0.12227846833556413
exon	neutral	1	936	3744	4.0	3866	4.1303418803400005	0.003914658663817664	-0.06908086842105264	0.2305454858840606	-0.37474596867617255	-0.05636077440969065	0.12839108824832576
exon	neutral	1	936	3931	4.199786324790001	4059	4.33653846154	0.004035096537037037	-0.06383837105263157	0.2350472743704531	-0.3790271646934292	-0.04661265177857608	0.12342379642063729
exon	neutral	1	936	4118	4.39957264957	4258	4.54914529915	0.004022549366096866	-0.07920256335123524	0.2800301183359543	-0.3957434699554282	-0.06622334550396294	0.13567158835088644
exon	neutral	1	936	4305	4.59935897436	4452	4.75641025641	0.0040067702752849	-0.09979788758324382	0.3205974712575078	-0.47315642022634896	-0.1184192879719362	0.13648488122281757
exon	neutral	1	936	4492	4.79914529915	4647	4.96474358974	0.0040749908254985754	-0.10895155209452201	0.3067128684636897	-0.5309829300464652	-0.16012781412907487	0.12219229382495922
exon	neutral	1	936	4680	5.0	4841	5.17200854701	0.004190298731837607	-0.08521296316863587	0.27033059042319063	-0.40993562652323545	-0.05878974544547038	0.11638567567824751
exon	neutral	1	936	4867	5.199786324790001	5032	5.37606837607	0.003835254591880342	-0.0979875889473684	0.30662487721253057	-0.46351552833177895	-0.12128763199391975	0.1405656796483475
exon	neutral	1	936	5054	5.3995726495700005	5225	5.58226495726	0.004183211440883191	-0.0935282714500537	0.318078503230572	-0.47747255083382456	-0.14153066309178763	0.13712375702776544
exon	neutral	1	936	5241	5.59935897436	5419	5.789529914530001	0.003987284219373219	-0.09159773480128892	0.3019767842889421	-0.4841060297063146	-0.15485125142243908	0.13223858931624027
exon	neutral	1	936	5428	5.799145299149999	5615	5.99893162393	0.004012143152065527	-0.10740807773361977	0.33041006984184024	-0.5028077834580522	-0.14073152861222732	0.13692396666178075
exon	neutral	1	936	5616	6.0	5809	6.2061965812	0.0038559080680199433	-0.10726766024704618	0.31343378852179526	-0.47440976637276466	-0.13349264492527577	0.12756536237666027
exon	neutral	1	936	5803	6.19978632479	6001	6.41132478632	0.0040078453490028495	-0.10468646741138561	0.2920614732036754	-0.4648364762372343	-0.12406712194916039	0.11137767819263916
exon	neutral	1	936	5990	6.3995726495700005	6198	6.621794871790001	0.00409393289423077	-0.09007114839957035	0.3289277882115271	-0.4570926624438733	-0.10046635511389831	0.1377246730001821
exon	neutral	1	936	6177	6.59935897436	6391	6.82799145299	0.0039787300794159545	-0.10835814329752953	0.28456179893112843	-0.47902466977739916	-0.07827542711703646	0.12880443358636012
exon	neutral	1	936	6364	6.799145299149999	6588	7.038461538460001	0.00407731378062678	-0.10667630215896885	0.30209796034325903	-0.4791521965883074	-0.08770935630549989	0.13192457476123728
exon	neutral	1	936	6552	7.0	6789	7.253205128210001	0.003976251088675213	-0.12571743890440387	0.2846615233950186	-0.5544725557363714	-0.13404753264162472	0.141224572938154
exon	neutral	1	936	6739	7.19978632479	6986	7.46367521368	0.004040105030982906	-0.10352119424274975	0.27938740026089276	-0.46806510210446933	-0.06515103932833169	0.12912206483635022
exon	neutral	1	936	6926	7.3995726495700005	7183	7.674145299149999	0.0040082523301282055	-0.09935872770139637	0.2954485360958251	-0.4573459448293732	-0.07231208321687214	0.13288932251690308
exon	neutral	1	936	7113	7.599358974360001	7375	7.8792735042699995	0.00418172244551282	-0.09601782915145005	0.29227953276909124	-0.46719780623272966	-0.0686049685748316	0.1282722383016915
exon	neutral	1	936	7300	7.799145299149999	7572	8.08974358974	0.004152919734686609	-0.08373078640171859	0.27332888947292694	-0.435157490859393	-0.07479896842724626	0.13121471361358608
exon	neutral	1	936	7488	8.0	7772	8.30341880342	0.004032128779202279	-0.07358093798066595	0.25478123106733624	-0.3732901013089831	-0.05343844321232408	0.12844349328246873
exon	neutral	1	936	7675	8.199786324789999	7966	8.510683760680001	0.0042709952261396015	-0.07629893205155747	0.24944831236559406	-0.3929551992247311	-0.0596438433887484	0.132229873790544
exon	neutral	1	936	7862	8.39957264957	8161	8.71901709402	0.003933111167735042	-0.09318001957035446	0.2740828968077997	-0.3988899121119556	-0.04567353056261295	0.11816012550317682
exon	neutral	1	936	8049	8.599358974360001	8358	8.92948717949	0.003945994608262109	-0.08732042513426423	0.24786649559764254	-0.42562609453119704	-0.0545687316243891	0.10786097215814948
exon	neutral	1	936	8236	8.79914529915	8550	9.13461538462	0.003898281417378918	-0.09010299947368422	0.22450073077674343	-0.4313097850893892	-0.09646530400414974	0.09524369056680083
exon	neutral	1	936	8424	9.0	8742	9.33974358974	0.003987644176282051	-0.06990922040816326	0.2702711478803709	-0.3973802007369164	-0.09535466552828105	0.11559847863576331
exon	neutral	1	936	8611	9.199786324789999	8937	9.54807692308	0.00392280140491453	-0.06840876979591837	0.2480633196971357	-0.3791179747387952	-0.025910036995371404	0.11940616143021385
exon	neutral	1	936	8798	9.39957264957	9128	9.75213675214	0.003961059279202279	-0.05582633734693877	0.2396014612802483	-0.33684688086603415	0.006718178539939774	0.11752845748156744
exon	neutral	1	936	8985	9.599358974360001	9317	9.95405982906	0.0043341037211538464	-0.04844240698174006	0.24828823589064267	-0.30077445487990095	0.03545498087602035	0.11043794489747825
exon	neutral	1	936	9172	9.79914529915	9512	10.1623931624	0.00399936651531339	-0.05185821335123523	0.2673384037786751	-0.32197053562143435	0.03036136146205325	0.10867718770216268
exon	neutral	1	936	9360	10.0	9708	10.371794871799999	0.004074160477564102	-0.08764929326530613	0.2556590397520451	-0.4041094635244965	-0.01646040715776424	0.12129549831399489
exon	identity	0	915	0	0.0	0	0.0	0.00468629684845173	-0.052582990626373616	0.14678316873267044	-0.232127485020062	0.05147980563038281	0.095905123114601
exon	identity	0	915	183	0.2	608	0.664480874317	0.004553709310746812	-0.06073789457142858	0.20894414860747312	-0.31383066420918576	-0.04274364874362292	0.10804570531714758
exon	identity	0	915	366	0.4	1273	1.3912568306	0.004307734075045537	-0.07953538113186813	0.20766322096300915	-0.3561895693817485	-0.08631467010668536	0.1163514517753017
exon	identity	0	915	549	0.6	1966	2.1486338797799998	0.004423386914389799	-0.06927289530769232	0.24151875118581118	-0.37286996455451094	-0.10844843455360753	0.11714621507943598
exon	identity	0	915	732	0.8	2707	2.95846994536	0.004327012250637523	-0.08521346925274725	0.24591752938120287	-0.394409378153768	-0.10578922959242192	0.1233016997692401
exon	identity	0	915	915	1.0	3445	3.7650273224	0.004574196358834244	-0.08553366502197803	0.244015293337474	-0.4022779291840107	-0.07852700706473192	0.12143756518798726
exon	identity	0	915	1098	1.2	4135	4.5191256830599995	0.004534369410200365	-0.10367805710989011	0.24547235536692136	-0.4617657152539123	-0.15852719793797612	0.11485726676221676
exon	identity	0	915	1281	1.4	4890	5.34426229508	0.004364289895810565	-0.10780114232967032	0.2655104708415321	-0.4509424909631119	-0.14772097917575658	0.11902312140473024
exon	identity	0	915	1464	1.6	5691	6.21967213115	0.004333977758469945	-0.09054547873626372	0.2503025720112635	-0.3968540209934337	-0.1035791759815226	0.11730297583835442
exon	identity	0	915	1647	1.8	6371	6.96284153005	0.004443273083060109	-0.07951464313186812	0.2164070204242308	-0.34897301844147177	-0.057050743136892144	0.11030880292185596
exon	identity	0	915	1830	2.0	7106	7.76612021858	0.004138905557012751	-0.09101769874725274	0.2511875710808142	-0.4130925792540277	-0.10609455709575003	0.1180987987076909
exon	identity	0	915	2013	2.2	7897	8.6306010929	0.004211380985428051	-0.07623264794505494	0.2641939407669371	-0.3937236979217962	-0.1127511653631487	0.11348961686720696
exon	identity	0	915	2196	2.4	8686	9.49289617486	0.004676705387978142	-0.09158571882417582	0.24414496671439584	-0.37982488791110386	-0.061611672600561246	0.09753917258977983
exon	identity	0	915	2379	2.6	9421	10.296174863400001	0.004164411908196722	-0.10126162643956044	0.26727901891180783	-0.44383701625814675	-0.15083927230943375	0.11391909778602269
exon	identity	0	915	2562	2.8	10247	11.198907103800002	0.004004255048816029	-0.0926628214945055	0.2633385239525131	-0.44541520456206607	-0.15639763683081073	0.11434344744587355
exon	identity	0	915	2745	3.0	11008	12.0306010929	0.0042417529249544625	-0.09150968071428571	0.25143731588735774	-0.39955948599040886	-0.11162741316729537	0.11512425182763067
exon	identity	0	915	2928	3.2	11720	12.808743169400001	0.004333734437522769	-0.08257096594505495	0.2484062749821574	-0.3886182018448855	-0.10055039305701884	0.12159263528500727
exon	identity	0	915	3111	3.4	12505	13.666666666700001	0.004486050944990893	-0.08491833735164835	0.2555203152009284	-0.4008216181226935	-0.11525048887115365	0.12041242166523403
exon	identity	0	915	3294	3.6	13189	14.4142076503	0.004355054656102003	-0.08649574932967033	0.2464776165845965	-0.40779114768408886	-0.09898736720872464	0.11736274663805099
exon	identity	0	915	3477	3.8	13933	15.2273224044	0.004181735715118397	-0.09963413753846154	0.2661375916000759	-0.43522756500199006	-0.1302658196789143	0.11956922504053252
exon	identity	0	915	3660	4.0	14705	16.0710382514	0.004361515108925318	-0.08810469461538462	0.2637114096544516	-0.376951754370028	-0.08672877950558719	0.11012549901563089
exon	identity	0	915	3843	4.2	15443	16.877595628399998	0.004756429998542805	-0.08396065682417583	0.2344918756020926	-0.39749884248728007	-0.06671045690604731	0.09882600810588207
exon	identity	0	915	4026	4.4	16193	17.6972677596	0.004556017881238615	-0.103427596989011	0.2747686337881587	-0.4451784460691581	-0.12448256039466875	0.11032733495444902
exon	identity	0	915	4209	4.6	16933	18.506010929000002	0.004308722578870674	-0.08700948082417582	0.26184721333164	-0.38988633182394966	-0.0669128246513043	0.10454113019452885
exon	identity	0	915	4392	4.8	17664	19.3049180328	0.004477735449908925	-0.08143803724175824	0.2565630769023717	-0.39526762444052593	-0.083736995219278	0.09959675518356559
exon	identity	0	915	4575	5.0	18406	20.1158469945	0.0045819850863387974	-0.09792000372527472	0.23577676716814502	-0.4069249392786069	-0.08093629642227118	0.1004106195085374
exon	identity	0	915	4758	5.2	19181	20.9628415301	0.004276966641894353	-0.09261442231868133	0.260098420649854	-0.4453645970644779	-0.10689788587519342	0.11503694449614163
exon	identity	0	915	4941	5.4	19940	21.792349726799998	0.0044936894604735884	-0.10209994620879122	0.2404425965373022	-0.4368994023409054	-0.09198550530892559	0.10362198386204591
exon	identity	0	915	5124	5.6	20714	22.6382513661	0.00410777680582878	-0.09832810785714288	0.24730711693591295	-0.42840994052360326	-0.09993669379255359	0.11004262795278974
exon	identity	0	915	5307	5.8	21557	23.5595628415	0.0044782040801457194	-0.10077319971428571	0.22377224306029417	-0.40955754601023503	-0.1034376644235149	0.09898762100471331
exon	identity	0	915	5490	6.0	22287	24.3573770492	0.004359792097632058	-0.09558689981318681	0.2643464083110979	-0.3942333194646318	-0.09555451097185874	0.10752358868361009
exon	identity	0	915	5673	6.2	22920	25.0491803279	0.004373939922040073	-0.09632562581318682	0.2909965927419842	-0.44097914652972364	-0.13218097071963006	0.11649672497825217
exon	identity	0	915	5856	6.4	23767	25.974863388000003	0.004459521755555556	-0.11051565831868133	0.2642693297569947	-0.46690466930961716	-0.15982634294912865	0.1046863415835693
exon	identity	0	915	6039	6.6	24488	26.7628415301	0.004610970313661203	-0.1047196667032967	0.25374264113247164	-0.4444844918682786	-0.11953564960396003	0.105378068591164
exon	identity	0	915	6222	6.8	25217	27.5595628415	0.004466892232786885	-0.08100604952747252	0.2500962864455928	-0.39659697380604714	-0.07060334212253418	0.10788947797977436
exon	identity	0	915	6405	7.0	25991	28.4054644809	0.0041819158182149355	-0.0854836694065934	0.2207638761294762	-0.3672241826752208	-0.051642979910770596	0.1077157105481849
exon	identity	0	915	6588	7.2	26747	29.2316939891	0.004213232822586521	-0.09527881254945055	0.22691857935842244	-0.4115106706446535	-0.11222120337579758	0.11290277145481518
exon	identity	0	915	6771	7.4	27588	30.1508196721	0.004446248927140255	-0.0955830000989011	0.2365291496915746	-0.4099981829764683	-0.10938152121068635	0.10386035619812067
exon	identity	0	915	6954	7.6	28352	30.9857923497	0.004346190338069216	-0.08910153767032968	0.23676147464030994	-0.3856161247426776	-0.07088175313033321	0.10112846922981815
exon	identity	0	915	7137	7.8	29039	31.7366120219	0.004236699826593807	-0.11155821578021977	0.24554035557103568	-0.46436272089662206	-0.11743018875620397	0.10711558417958772
exon	identity	0	915	7320	8.0	29773	32.5387978142	0.00427436884007286	-0.11245452431868132	0.2503029424128234	-0.44189025198486875	-0.13117492758505142	0.1097941663463416
exon	identity	0	915	7503	8.2	30473	33.3038251366	0.0042778820557377055	-0.13119887635164837	0.256132443346464	-0.516632914733217	-0.20641032997145428	0.11847513244323421
exon	identity	0	915	7686	8.4	31208	34.107103825100005	0.004354525296539162	-0.0989130431098901	0.23887060846661728	-0.45589817778776687	-0.1465572075300101	0.12206881585627463
exon	identity	0	915	7869	8.6	31915	34.8797814208	0.004367535284881602	-0.09738861306593406	0.26808029660916755	-0.45135201587681884	-0.14065836967274561	0.12303302198301214
exon	identity	0	915	8052	8.8	32569	35.5945355191	0.004426908606193078	-0.09213340065934066	0.25856500104388536	-0.43125867341746005	-0.11315919943586075	0.12034356163714896
exon	identity	0	915	8235	9.0	33247	36.3355191257	0.004397181563205829	-0.08880670027472527	0.21659671254758353	-0.4007716256163716	-0.08286830131900609	0.1110455926203819
exon	identity	0	915	8418	9.2	34000	37.1584699454	0.004110399610200364	-0.11482700812087913	0.2300441457845317	-0.4675479218889176	-0.142818073019597	0.11624169078160677
exon	identity	0	915	8601	9.4	34749	37.9770491803	0.004552652872859745	-0.09604504895604396	0.25273501888904687	-0.43458662715214863	-0.12200419374580442	0.1207414726258881
exon	identity	0	915	8784	9.6	35491	38.7879781421	0.004333370240801457	-0.08720115620879121	0.2378005957850497	-0.4130113190276783	-0.09328650031450388	0.11326543135641721
exon	identity	0	915	8967	9.8	36254	39.6218579235	0.004255228177413479	-0.0933826008901099	0.25210927910326897	-0.4448022576812419	-0.15289970814051543	0.10927943510154281
exon	identity	0	915	9150	10.0	37034	40.4743169399	0.004542137170491804	-0.08092663039560441	0.2507744458258212	-0.39063620237399127	-0.07937710200585224	0.10800853269329799
exon	identity	1	936	0	0.0	0	0.0	0.0044037558839031335	-0.014531249581095598	0.1053338909389801	-0.12437245555755419	0.14861544831031134	0.08180184302002275
exon	identity	1	936	187	0.199786324786	696	0.74358974359	0.004135056482193732	-0.07052367622986037	0.17913930333179703	-0.29465251570446194	-0.0007018710887979461	0.10194639085900464
exon	identity	1	936	374	0.399572649573	1360	1.4529914529899999	0.004451473562321937	-0.09158372163265305	0.18303226033243042	-0.36750492362511805	-0.082539928248399	0.10701660280401902
exon	identity	1	936	561	0.599358974359	2065	2.2061965812	0.004392238217236467	-0.10421142535982814	0.18608876815131076	-0.4064606104248682	-0.10218335990647463	0.10818718303924756
exon	identity	1	936	748	0.799145299145	2692	2.87606837607	0.004577579085470085	-0.0858365567991407	0.19386017208477527	-0.37847247952297214	-0.06144590040273829	0.10538119441299772
exon	identity	1	936	936	1.0	3462	3.6987179487199997	0.004343045073005698	-0.08644472433941999	0.19485021737043046	-0.38881852550956053	-0.08030306446172368	0.11032210884308334
exon	identity	1	936	1123	1.19978632479	4181	4.4668803418800005	0.004415621852207978	-0.0887436213641246	0.22582032100155985	-0.4066175911268028	-0.10084752974695636	0.12185272905191194
exon	identity	1	936	1310	1.3995726495700003	4956	5.29487179487	0.004250341934472935	-0.08286966646616542	0.19786650637051428	-0.37504504847066056	-0.08523041773460825	0.10897746018022117
exon	identity	1	936	1497	1.5993589743599999	5744	6.136752136749999	0.0042730280940170935	-0.06914073208378088	0.19345558070378122	-0.3204955388316388	-0.030539090540541786	0.10717923076946786
exon	identity	1	936	1684	1.7991452991499999	6431	6.8707264957300005	0.0045235442443019944	-0.08920415893662728	0.17783991160231774	-0.39766887291216363	-0.10289833636829038	0.11004714883066483
exon	identity	1	936	1872	2.0	7097	7.5822649572600005	0.004140615961894588	-0.07802919564983889	0.19316635155228198	-0.36967214981711427	-0.0916808706792631	0.10904411567004949
exon	identity	1	936	2059	2.19978632479	7831	8.36645299145	0.004264211912749288	-0.0640902717293233	0.22112763511683542	-0.35232508061730616	-0.06591849394147112	0.1078975850891645
exon	identity	1	936	2246	2.39957264957	8574	9.16025641026	0.004118573187678063	-0.08070932294307195	0.21499041285747061	-0.37723965179845564	-0.0992600715689636	0.11203023486245578
exon	identity	1	936	2433	2.59935897436	9254	9.88675213675	0.004347647180555555	-0.06610427208378088	0.1983233241920231	-0.3451635664026858	-0.0893480405245076	0.11552826875081125
exon	identity	1	936	2620	2.79914529915	9959	10.639957265	0.004041293181267807	-0.07171059659505907	0.2330389320788019	-0.3761367319864488	-0.08330105502330662	0.1198029209337527
exon	identity	1	936	2808	3.0	10632	11.358974359000001	0.004191674207264957	-0.06533361748657357	0.23446539180582085	-0.3273522894264687	-0.07167756887953694	0.11595410774751276
exon	identity	1	936	2995	3.1997863247900002	11368	12.1452991453	0.004222271714031339	-0.07501965592910848	0.20566328584077462	-0.36756834699626667	-0.09845767581881738	0.10308987787631985
exon	identity	1	936	3182	3.39957264957	12019	12.840811965799999	0.004228739293091168	-0.07024473404940923	0.22123535357990176	-0.3697635366836009	-0.0991060980840006	0.11611020817482208
exon	identity	1	936	3369	3.59935897436	12700	13.5683760684	0.004391676707621082	-0.057945238141783026	0.1993735401558658	-0.335294514103882	-0.047679640876632	0.10283809349636004
exon	identity	1	936	3556	3.79914529915	13482	14.403846153800002	0.004410516562321938	-0.07744759698174007	0.20836672295793565	-0.38332478144421434	-0.06543700727455581	0.10598181619574404
exon	identity	1	936	3744	4.0	14307	15.2852564103	0.004943387610754986	-0.06798751925886144	0.1758771409931714	-0.35820016841165675	-0.05990859707233101	0.0943565795859227
exon	identity	1	936	3931	4.199786324790001	15073	16.103632478599998	0.004502921952991453	-0.08618029294307197	0.17776766976001057	-0.4348043108828256	-0.11654235776348666	0.09951593615005648
exon	identity	1	936	4118	4.39957264957	15736	16.811965812	0.004437282516025641	-0.10137781722878626	0.2067005571391893	-0.48264173138547456	-0.18512156039693195	0.11289580116010602
exon	identity	1	936	4305	4.59935897436	16410	17.5320512821	0.004636598742877492	-0.09994209361976371	0.1902547395656026	-0.4645730141565609	-0.14878117035882518	0.10763376121741372
exon	identity	1	936	4492	4.79914529915	17115	18.2852564103	0.004590933383547009	-0.09630141735767991	0.20296399910146457	-0.46452107492746525	-0.15208693493783704	0.1129697932302424
exon	identity	1	936	4680	5.0	17814	19.0320512821	0.0043143010726495725	-0.09894474993555318	0.18388026879065422	-0.4536626088390272	-0.1183897200824881	0.1061392762207053
exon	identity	1	936	4867	5.199786324790001	18566	19.8354700855	0.0044633520961538465	-0.08873941119226639	0.18486877891904138	-0.39732142481935484	-0.10033484329475678	0.11212993051657191
exon	identity	1	936	5054	5.3995726495700005	19365	20.6891025641	0.004498168506410256	-0.08807728727175079	0.18509104513454594	-0.37902512163535035	-0.08441271903923947	0.10257987097685524
exon	identity	1	936	5241	5.59935897436	20156	21.5341880342	0.004544530111823362	-0.07934082635875403	0.1670978444209203	-0.36752190287901076	-0.07986558825163463	0.10049819767936745
exon	identity	1	936	5428	5.799145299149999	21040	22.4786324786	0.004414687517450142	-0.09204708549946294	0.20219328604434428	-0.42056564311839023	-0.1253072023323391	0.09999939815984586
exon	identity	1	936	5616	6.0	21680	23.162393162399997	0.00460162816488604	-0.10350284169709989	0.19727001930818705	-0.4276515137076077	-0.11587592587364744	0.10103090797511723
exon	identity	1	936	5803	6.19978632479	22381	23.9113247863	0.004556483306980057	-0.08161659805585392	0.21175724845069963	-0.3761932363741177	-0.10371721969886423	0.11416399579828826
exon	identity	1	936	5990	6.3995726495700005	23108	24.688034188000003	0.004025517093304843	-0.11742668593984963	0.20476804917990415	-0.4756364852348545	-0.18176450405789782	0.11383049370987522
exon	identity	1	936	6177	6.59935897436	23876	25.5085470085	0.004227486542735043	-0.09872745647690655	0.1783857736437742	-0.42850255861880154	-0.13259987224170083	0.112876105209983
exon	identity	1	936	6364	6.799145299149999	24555	26.233974359	0.004502705110754986	-0.10146021964554243	0.22519789549579272	-0.4292740349977062	-0.11777610525026495	0.12077704893228942
exon	identity	1	936	6552	7.0	25358	27.0918803419	0.004423059877136751	-0.10218379065520945	0.23270045684582932	-0.4154208313777708	-0.10728888042960304	0.1049695151303462
exon	identity	1	936	6739	7.19978632479	26121	27.9070512821	0.004705088324430199	-0.09708346828141784	0.20573646079079702	-0.39923217998789085	-0.08338143718835739	0.1052270706447926
exon	identity	1	936	6926	7.3995726495700005	26898	28.7371794872	0.004782779113603988	-0.1065048398066595	0.20742171288892938	-0.4192628035638242	-0.07683258447127297	0.11328171151603518
exon	identity	1	936	7113	7.599358974360001	27713	29.6079059829	0.004559925842948718	-0.08573885659505907	0.21493409234921254	-0.3624064337120752	-0.039331706441226084	0.10981699365137507
exon	identity	1	936	7300	7.799145299149999	28393	30.3344017094	0.004637447265669515	-0.08595806588614394	0.21904585883410238	-0.4007010578420121	-0.09923591610031791	0.11205277302749797
exon	identity	1	936	7488	8.0	29133	31.125	0.004252511865740741	-0.0853367571858217	0.1932636242124691	-0.3759701698914119	-0.09245261303915159	0.11202008825089665
exon	identity	1	936	7675	8.199786324789999	29805	31.8429487179	0.004522751567663818	-0.07957875035445756	0.2089742428966078	-0.3830584891160206	-0.08745231778916883	0.1110338694309631
exon	identity	1	936	7862	8.39957264957	30484	32.5683760684	0.004515942540954416	-0.08633463481203008	0.21607798440196582	-0.40551395476567953	-0.09359899351588553	0.11654687967512252
exon	identity	1	936	8049	8.599358974360001	31220	33.3547008547	0.004198074582621082	-0.07824420378088076	0.20967303867100573	-0.3949991719145451	-0.09489835635040282	0.11297744624642496
exon	identity	1	936	8236	8.79914529915	31948	34.1324786325	0.00437302305448718	-0.07227773580021482	0.20592573433971084	-0.39842958771319625	-0.09162535279805233	0.11356579850804777
exon	identity	1	936	8424	9.0	32734	34.972222222199996	0.00445709341951567	-0.06459798906552094	0.1955019946229674	-0.35718153672162717	-0.04799693298826373	0.1095862887579381
exon	identity	1	936	8611	9.199786324789999	33406	35.6901709402	0.004600838808048433	-0.07166251812030076	0.22153302756490797	-0.3513746432044458	-0.07384329379284843	0.10938789356855459
exon	identity	1	936	8798	9.39957264957	34083	36.4134615385	0.004394901964031339	-0.07368242094522019	0.2026986669766785	-0.3517682048333009	-0.057591755352775525	0.1190990971375136
exon	identity	1	936	8985	9.599358974360001	34840	37.222222222199996	0.004375598178062678	-0.06073794885069818	0.21198621398318088	-0.3070629973007113	-0.009723857617906739	0.11821425033569483
exon	identity	1	936	9172	9.79914529915	35505	37.9326923077	0.004513429825854701	-0.07009803487647691	0.20071077689473726	-0.31164147008579846	-0.04906002889692175	0.10096765351419217
exon	identity	1	936	9360	10.0	36280	38.760683760700005	0.004801609512464388	-0.06841138313641246	0.20159336370688863	-0.3726164622187821	-0.08116926298843229	0.10404984990592835
