init_cond	constr_cond	run_number	seq_length	mutation	mut_scaled	mutation_tot	mut_scaled_tot	mut_mean	esr_mean	A3SS_R1_mean	A3SS_R2_mean	A5SS_R1_mean	A5SS_R2_mean
random	neutral	0	999	0	0.0	0	0.0	0.007859701309976643	0.026309663571428575	-0.04928651013029052	-0.04616228333634138	0.2017556011370179	0.03146069212137492
random	neutral	0	999	199	0.199199199199	216	0.21621621621599998	0.006685145766433098	-0.006536082484909459	-8.995448963160316e-06	-0.10395347623572837	0.17911457865916727	0.047114020618157164
random	neutral	0	999	399	0.39939939939900004	437	0.437437437437	0.006077893336002668	-0.014361453551307848	0.002451521458108379	-0.14830932196869612	0.09088030859952292	0.05355699384900706
random	neutral	0	999	599	0.5995995996	654	0.654654654655	0.005581907409743076	-0.03916287059356136	0.05182260764108231	-0.1770821248421635	0.11784626742983607	0.059562680061606685
random	neutral	0	999	799	0.7997997998	880	0.880880880881	0.005719039857190523	-0.021385935603621727	0.07599382483547565	-0.14273977991787182	0.10467513682851198	0.058239813771667925
random	neutral	0	999	999	1.0	1095	1.0960960961	0.0055281116493159825	-0.030992202847082498	0.12114573430799089	-0.20642285004933084	0.10416973646476145	0.05605506889270176
random	neutral	0	999	1198	1.1991991992	1318	1.3193193193200001	0.005537119571237904	-0.03322652728370221	0.11296559422577145	-0.2237203519405518	0.04989738065454806	0.0597663196138719
random	neutral	0	999	1398	1.3993993994	1532	1.5335335335299998	0.004935117578578578	-0.06562138865191149	0.11309807588123878	-0.3065905364227643	-0.0015752014378696397	0.06681396630191393
random	neutral	0	999	1598	1.5995995996	1752	1.75375375375	0.005640299558224891	-0.021869511861167	0.12137392450714973	-0.22167172037284702	0.05928790110927117	0.07537746051484608
random	neutral	0	999	1798	1.7997997998	1965	1.96696696697	0.006199777354688022	-0.022280809205231386	0.09856322962003265	-0.2329192093119973	0.062266556829223114	0.06943940053374083
random	neutral	0	999	1998	2.0	2182	2.18418418418	0.005762983279946613	-0.019041211609657945	0.12580154086655293	-0.24427203681638182	0.03900548257986595	0.0793499566451931
random	neutral	0	999	2197	2.1991991991999997	2398	2.4004004004	0.005319102922589255	-0.06069975617706238	0.11773904239072314	-0.3189076249403624	-0.023739530779002493	0.07053603738369249
random	neutral	0	999	2397	2.3993993994	2618	2.62062062062	0.005582288377377378	-0.06295923680080483	0.14391729192275282	-0.32839680374807084	-0.029092786047136318	0.0799152297149454
random	neutral	0	999	2597	2.5995995996	2837	2.83983983984	0.005578152615949283	-0.054654258038229375	0.17681777419457687	-0.33240032487833093	-0.03500938262460238	0.08424479223993574
random	neutral	0	999	2797	2.7997997998	3048	3.0510510510500004	0.005052563659659659	-0.05595091167002012	0.1791663187607066	-0.32205732904025597	-0.036398911772034186	0.07551589889519428
random	neutral	0	999	2997	3.0	3263	3.26626626627	0.004434329920253587	-0.06429925808853118	0.1753277664922265	-0.31370974236654353	0.015190355653348286	0.0747328395119326
random	neutral	0	999	3196	3.1991991992	3484	3.48748748749	0.005026147244911578	-0.06897614862173038	0.15354724095260058	-0.3227515307742916	-0.004500652809425885	0.06811520272891451
random	neutral	0	999	3396	3.3993993994	3703	3.70670670671	0.004541718076409743	-0.060783267444668006	0.1843843591793323	-0.31451611010315195	0.004227407918941191	0.07178523859107473
random	neutral	0	999	3596	3.5995995996	3921	3.92492492492	0.005028939074741408	-0.06617764159959759	0.24463292981765586	-0.3547187090878189	-0.016424129512103498	0.08123773724897118
random	neutral	0	999	3796	3.7997997998	4138	4.14214214214	0.004903693491491491	-0.09139135615694165	0.22422792265978686	-0.37320052805456855	-0.037644132495922265	0.0836946190774345
random	neutral	0	999	3996	4.0	4363	4.36736736737	0.005443027710043377	-0.05730164525150906	0.17538915341809458	-0.3364671738805246	0.014599455659408482	0.07804391361277725
random	neutral	0	999	4195	4.1991991992	4586	4.59059059059	0.005501506017017017	-0.07989376984909456	0.15193732275148486	-0.37617542810890453	-0.038577138999016124	0.06487544832370903
random	neutral	0	999	4395	4.3993993994	4804	4.808808808809999	0.0053199188074741395	-0.06343425615694165	0.14952705681754222	-0.33908755144831476	0.0046969020516082404	0.06622374830948209
random	neutral	0	999	4595	4.599599599599999	5024	5.02902902903	0.004945804940273606	-0.08611396559356135	0.1541030798104556	-0.37348502968668196	-0.016953804459764403	0.06921068700042962
random	neutral	0	999	4795	4.799799799800001	5237	5.242242242240001	0.005036850155155155	-0.07053289691146881	0.13571852794042802	-0.32727438482734017	-0.013526496783330823	0.06734092727057539
random	neutral	0	999	4995	5.0	5464	5.46946946947	0.004829463935268601	-0.09504108756539237	0.18657476827162167	-0.4067010006026204	-0.08902728349514948	0.08409811859629192
random	neutral	0	999	5194	5.1991991992	5684	5.68968968969	0.0052222647484150815	-0.08098393258551308	0.16071437467803085	-0.3530866222239383	-0.02877481332637163	0.07478077661469798
random	neutral	0	999	5394	5.399399399400001	5915	5.92092092092	0.005067683405739072	-0.07600677570422537	0.16499252699064737	-0.3540255777443416	0.0071089795178720895	0.08749824012290511
random	neutral	0	999	5594	5.5995995996	6135	6.141141141139999	0.005171079568234901	-0.08126650701207244	0.12593462762834665	-0.3634183805746895	0.009184170341603699	0.07148960194197879
random	neutral	0	999	5794	5.799799799800001	6358	6.36436436436	0.004770619575241908	-0.10211696471830986	0.1633571361277775	-0.3984422851991394	0.028855708606752874	0.08477758441997495
random	neutral	0	999	5994	6.0	6589	6.5955955956	0.005434542400066734	-0.0962737078973843	0.13337262190630822	-0.38009942115720324	0.009467288514542722	0.0740244063595995
random	neutral	0	999	6193	6.1991991992	6809	6.81581581582	0.005240066389723057	-0.060472647424547284	0.14831796709558284	-0.2894683816675712	0.05240580077876029	0.0647616171784613
random	neutral	0	999	6393	6.399399399400001	7026	7.03303303303	0.005652251174841507	-0.05758504552313884	0.1382591226658444	-0.26930452809081906	0.10343664753233914	0.06079207080590742
random	neutral	0	999	6593	6.5995995996	7242	7.249249249249999	0.0051880555085085074	-0.07890072104627766	0.1321499690447623	-0.32694924384826407	0.033877073891710165	0.07284554905229461
random	neutral	0	999	6793	6.799799799800001	7460	7.46746746747	0.005604807524190858	-0.04844825698189135	0.14283055638394512	-0.2930059563944867	0.05261349025972882	0.0838352197469781
random	neutral	0	999	6993	7.0	7677	7.6846846846800005	0.005629680920587255	-0.05949771199195171	0.17093135013974176	-0.3071701978413009	0.05920198854985752	0.08509652041687543
random	neutral	0	999	7192	7.1991991992	7894	7.9019019019000005	0.005765138383383384	-0.02454053431589537	0.1883384668355364	-0.241799422600886	0.10162358987114396	0.09351980770914037
random	neutral	0	999	7392	7.399399399400001	8116	8.12412412412	0.005783695876543211	-0.022124710583501003	0.1258643360842506	-0.19947006094222197	0.0986650738153948	0.08327791628755991
random	neutral	0	999	7592	7.5995995996	8339	8.34734734735	0.005265429124457791	-0.0590139666498994	0.14056033741504181	-0.2910600768443747	0.04504310149932825	0.0795159628626322
random	neutral	0	999	7792	7.799799799800001	8562	8.570570570569998	0.005589074883550218	-0.06125637464788732	0.1259137244533463	-0.3075774628190952	0.05483159280911007	0.07124829600598863
random	neutral	0	999	7992	8.0	8785	8.79379379379	0.005446574145145145	-0.06411969263581488	0.11400184492644934	-0.33534557283076283	0.033564134580073825	0.060151649817197686
random	neutral	0	999	8191	8.199199199199999	9001	9.010010010010001	0.005262746374040707	-0.07770028978873239	0.12937644343195262	-0.32531312713864696	0.06858293804363966	0.07440738463608114
random	neutral	0	999	8391	8.3993993994	9216	9.22522522523	0.004945338422422423	-0.09341163590543258	0.13253318637184386	-0.36571310317311223	-0.00500880397013255	0.08078679379531477
random	neutral	0	999	8591	8.599599599600001	9437	9.44644644645	0.004879672141141141	-0.07414287700201208	0.11011884811630317	-0.3272081283776166	0.040727145360528565	0.07238730827832683
random	neutral	0	999	8791	8.7997997998	9658	9.667667667669999	0.005278939756756757	-0.07532374554325956	0.05905736814743598	-0.3219983673452507	-0.008335426848710208	0.062399711799783465
random	neutral	0	999	8991	9.0	9872	9.88188188188	0.0057576011765098425	-0.0531757240442656	0.09680646247418265	-0.256630178295122	0.05281089240666706	0.07427148208033627
random	neutral	0	999	9190	9.199199199199999	10090	10.1001001001	0.005065011199199199	-0.0685955043360161	0.11663876052067067	-0.2915631734957891	0.04270132790657101	0.08144257826914185
random	neutral	0	999	9390	9.3993993994	10307	10.3173173173	0.005373580347347348	-0.051472736569416505	0.12613938341905162	-0.26597832557975004	0.06399079789528898	0.07245919379243855
random	neutral	0	999	9590	9.599599599600001	10534	10.5445445445	0.005691364537871203	-0.06531039190140846	0.16690407182249528	-0.31993889553723104	-0.0033387625205116528	0.08240349533976443
random	neutral	0	999	9790	9.7997997998	10749	10.7597597598	0.005190534906906907	-0.07914150188128774	0.16468777982703292	-0.34626422314727634	-0.0039934322880589	0.0821786199880089
random	neutral	0	999	9990	10.0	10971	10.981981982	0.0055625255185185185	-0.07289350544265594	0.23100748277412433	-0.34539087650486605	0.03518224765575027	0.09125853800403881
random	neutral	1	999	0	0.0	0	0.0	0.0077264323363363365	0.009876636961770621	0.03187071416795619	-0.07458123239412999	0.20051608379381497	0.05199074872728767
random	neutral	1	999	199	0.199199199199	216	0.21621621621599998	0.0065617361905238565	-0.030355317474849097	0.07136827401502854	-0.18132232021485856	0.1123607363438791	0.06276574362963518
random	neutral	1	999	399	0.39939939939900004	430	0.43043043043000007	0.005887086385051719	-0.037520920291750505	0.11594613735668136	-0.20010371141983838	0.1165370879617771	0.06765391905792772
random	neutral	1	999	599	0.5995995996	642	0.6426426426430001	0.005485675872205539	-0.048406644154929575	0.09133096607006215	-0.23837409561293899	0.07619328676751587	0.06716087340957083
random	neutral	1	999	799	0.7997997998	857	0.857857857858	0.005121878261261261	-0.07248388736418511	0.11202845076804986	-0.31992512620485847	0.0018817339337606224	0.06920217188284122
random	neutral	1	999	999	1.0	1068	1.06906906907	0.005683450628294962	-0.06436485214285714	0.1038213357924004	-0.3182878383759033	0.01453440043979377	0.07066326910434136
random	neutral	1	999	1198	1.1991991992	1280	1.2812812812799999	0.0053719141768435105	-0.06295080820925554	0.08694288000153391	-0.307223152755898	0.008980093514847748	0.0754765643720942
random	neutral	1	999	1398	1.3993993994	1503	1.5045045044999998	0.00510027488988989	-0.050537850090543256	0.10758418969853091	-0.26939616603208866	0.04352152310336048	0.05974638931419422
random	neutral	1	999	1598	1.5995995996	1711	1.71271271271	0.005299348546212879	-0.06189695528169014	0.11132386196220263	-0.2697224848804714	0.0827410161126412	0.06716349312047604
random	neutral	1	999	1798	1.7997997998	1931	1.9329329329299998	0.0054795475138471805	-0.04500240185110664	0.07587326517016005	-0.2254781171742544	0.0770600402818591	0.06967701549844396
random	neutral	1	999	1998	2.0	2143	2.14514514515	0.005174181022355689	-0.05355736947686117	0.06104845256463043	-0.21850627283166915	0.10299102938789696	0.06807408421739544
random	neutral	1	999	2197	2.1991991991999997	2364	2.36636636637	0.005358769278278278	-0.05613502580482897	0.054371542111171116	-0.22625695395012696	0.09704720278849523	0.06296456587249996
random	neutral	1	999	2397	2.3993993994	2573	2.57557557558	0.005371687861194528	-0.03655104632796781	0.040123479516815413	-0.19354615642813633	0.140971446445298	0.05489130890387327
random	neutral	1	999	2597	2.5995995996	2782	2.78478478478	0.004937835318985653	-0.05991638067404426	0.0752264626898163	-0.2687523700471457	0.09556322157063829	0.05335812073678181
random	neutral	1	999	2797	2.7997997998	2992	2.9949949949900003	0.005255097293293293	-0.0549652414084507	0.12113206450702617	-0.29634545071696256	0.06962348816140168	0.06451765574873507
random	neutral	1	999	2997	3.0	3221	3.22422422422	0.005657715852185518	-0.056979412092555325	0.13549752908214402	-0.2857097139657137	0.06212878640426048	0.07694967843973889
random	neutral	1	999	3196	3.1991991992	3438	3.44144144144	0.005447264793126461	-0.038564618098591553	0.12596941620524016	-0.23552943555111575	0.06344345941504481	0.07047944490441733
random	neutral	1	999	3396	3.3993993994	3652	3.65565565566	0.00518553174307641	-0.03605676151911469	0.12681901652605904	-0.22426687192489503	0.07011012197856409	0.07483759469492599
random	neutral	1	999	3596	3.5995995996	3867	3.8708708708699997	0.005488560796796798	-0.04116465210261569	0.11134180325940753	-0.19081523699467848	0.12039904484783441	0.07042484178028725
random	neutral	1	999	3796	3.7997997998	4073	4.07707707708	0.00559172167634301	-0.028639619245472838	0.1491254893288364	-0.1767170287315259	0.13000130858266065	0.08120729002228266
random	neutral	1	999	3996	4.0	4285	4.28928928929	0.005579485029029029	-0.03343829788732394	0.10713316955302245	-0.21760092279605303	0.08226288706407385	0.07870439795509084
random	neutral	1	999	4195	4.1991991992	4499	4.5035035035	0.005573695418418418	-0.05214065606639839	0.06880209863224437	-0.232622654354906	0.09948105939689876	0.05368741655720506
random	neutral	1	999	4395	4.3993993994	4708	4.712712712709999	0.005441742962295628	-0.042604995030181086	0.07325635691642839	-0.2311015897679114	0.08259875652509117	0.06421750214817293
random	neutral	1	999	4595	4.599599599599999	4918	4.92292292292	0.005023140218885552	-0.06427715539235412	0.12664056110339722	-0.26910485936597905	0.05036575705538705	0.07674241758913367
random	neutral	1	999	4795	4.799799799800001	5129	5.134134134130001	0.0051316122826159495	-0.05671075460764588	0.12917454315348953	-0.26285175048305276	0.022502523932475635	0.062101321666442603
random	neutral	1	999	4995	5.0	5345	5.35035035035	0.005856673959626294	-0.04053739026156942	0.10444893187073996	-0.2471235492440958	0.05578595946710276	0.06588968706854102
random	neutral	1	999	5194	5.1991991992	5560	5.565565565569999	0.005598910482482482	-0.03319811037223341	0.11988852899930205	-0.24973988564930102	0.058452249157308865	0.07453560632052735
random	neutral	1	999	5394	5.399399399400001	5776	5.7817817817799995	0.005730690161828496	-0.025398071659959755	0.12265166700960126	-0.2193676400452224	0.0610226103321733	0.07852327468515385
random	neutral	1	999	5594	5.5995995996	5985	5.990990990989999	0.005105943052052051	-0.07978240938631792	0.12259139279674584	-0.3176700759968445	-0.002399530024982294	0.08321179507771732
random	neutral	1	999	5794	5.799799799800001	6197	6.2032032032	0.005037736166166166	-0.06150410533199196	0.1458999378225964	-0.2794538125774433	0.027026238369567884	0.08270739160946239
random	neutral	1	999	5994	6.0	6408	6.4144144144099995	0.00523821571304638	-0.05475342089537224	0.1111444954093829	-0.2415115638099825	0.05869240974869004	0.07173672624757813
random	neutral	1	999	6193	6.1991991992	6619	6.625625625630001	0.005294875679346014	-0.06752467002012073	0.14030043851979876	-0.30991269416370976	0.024589147454410525	0.07363162653446532
random	neutral	1	999	6393	6.399399399400001	6844	6.850850850850001	0.00575735518118118	-0.04350391267605634	0.15727970568587368	-0.2583159509214541	0.05109481876936666	0.08088952537328502
random	neutral	1	999	6593	6.5995995996	7060	7.06706706707	0.005685722800800801	-0.05008073480885311	0.13727060860505172	-0.28869831073172403	0.009171804838500032	0.07275140575522121
random	neutral	1	999	6793	6.799799799800001	7272	7.27927927928	0.005409311768435101	-0.04210759307847082	0.1125429011057388	-0.24475472293700848	0.026224571079970022	0.07341150054110955
random	neutral	1	999	6993	7.0	7494	7.5015015015	0.0054987309356022696	-0.036594368571428566	0.1047056129039038	-0.23609888753286845	0.04805514108556677	0.06809481273294606
random	neutral	1	999	7192	7.1991991992	7704	7.7117117117100005	0.005414655214547881	-0.040854980462776656	0.1070212982865231	-0.2589732112523432	0.06681272561618969	0.06846496696059441
random	neutral	1	999	7392	7.399399399400001	7919	7.926926926930001	0.0054808092996329666	-0.05987940616700202	0.09982361014524102	-0.2999110930728733	0.07790961616328237	0.06903467969286399
random	neutral	1	999	7592	7.5995995996	8135	8.14314314314	0.005126624535535535	-0.05126521485915493	0.12628801230272801	-0.28039398961167694	0.0868200933541192	0.07804734801850434
random	neutral	1	999	7792	7.799799799800001	8354	8.36236236236	0.004850948394728061	-0.0584412947585513	0.11114598485538127	-0.2855377080758337	0.05907582120624455	0.07449447343071576
random	neutral	1	999	7992	8.0	8564	8.57257257257	0.005226251673006339	-0.0401275546780684	0.11167981004685998	-0.25550194925180697	0.07425276156214361	0.07694096110151438
random	neutral	1	999	8191	8.199199199199999	8773	8.78178178178	0.004969256717384051	-0.05972828624748491	0.12771868701649708	-0.3220638284776	0.016187914315984524	0.0749093058047041
random	neutral	1	999	8391	8.3993993994	8985	8.99399399399	0.00635568374974975	-0.042682594557344064	0.136534486136589	-0.25352185358208784	0.07923751034959137	0.07727227468296614
random	neutral	1	999	8591	8.599599599600001	9194	9.203203203200001	0.005409842654654654	-0.0659872768913481	0.15039806832107752	-0.3437316046562519	0.05764228016560704	0.08992034463251088
random	neutral	1	999	8791	8.7997997998	9412	9.42142142142	0.005688550512178846	-0.051603406911468815	0.11769578090884741	-0.25476198295409147	0.14367986167115232	0.06749492800959439
random	neutral	1	999	8991	9.0	9623	9.632632632630001	0.0051823177230563905	-0.06600918932595573	0.18103128148824524	-0.3011498084030675	0.07656635601671277	0.09184391068987782
random	neutral	1	999	9190	9.199199199199999	9834	9.84384384384	0.005275860943610277	-0.06267899499999999	0.16088000103025984	-0.2859134594610027	0.08655717972542296	0.08722402919657399
random	neutral	1	999	9390	9.3993993994	10053	10.0630630631	0.00562067371638305	-0.04667766301810866	0.1301887337943492	-0.21956392204768424	0.12236732889525116	0.0719582315971427
random	neutral	1	999	9590	9.599599599600001	10274	10.2842842843	0.005289576341675008	-0.0559290490442656	0.20928371128258472	-0.26944095054171585	0.08921577920995016	0.0931854425284164
random	neutral	1	999	9790	9.7997997998	10497	10.5075075075	0.005559394532198866	-0.07542534345070423	0.20248306289921453	-0.3620653720196455	-0.009395914062617507	0.08410081736084042
random	neutral	1	999	9990	10.0	10711	10.7217217217	0.005557978056056056	-0.07442678192152918	0.14809750577698289	-0.33684331019953834	0.01288258739511838	0.07885734451664048
random	identity	0	999	0	0.0	0	0.0	0.007775525257257258	0.02364413079476861	-0.043123059303771964	-0.048708847460604776	0.15584969944956573	0.0418399894606688
random	identity	0	999	199	0.199199199199	696	0.696696696697	0.006350258050383716	-0.030775823038229382	0.000839806311803099	-0.16011233186887722	0.11157603811071003	0.051322015255931386
random	identity	0	999	399	0.39939939939900004	1455	1.45645645646	0.006407196638972306	-0.022713102696177063	-0.0003504900141686549	-0.13842535263228675	0.14500530421712848	0.05148836907776272
random	identity	0	999	599	0.5995995996	2166	2.16816816817	0.006024173659993327	-0.006514571901408451	0.010799561800410322	-0.12322544258992521	0.15954215799910987	0.04829617500003951
random	identity	0	999	799	0.7997997998	2938	2.9409409409400005	0.00600831372305639	-0.037774600301810866	0.014345633040015975	-0.1777663331528366	0.10560212240302615	0.05812711012794899
random	identity	0	999	999	1.0	3762	3.7657657657699994	0.006152184481815148	-0.04157678591549296	0.020957299897082917	-0.19741824325820848	0.09761253798109674	0.0560014753412362
random	identity	0	999	1198	1.1991991992	4593	4.5975975976	0.005959499239572907	-0.03824293649899396	-0.01785472073598522	-0.1847417270453759	0.11663157907024564	0.04092403157389964
random	identity	0	999	1398	1.3993993994	5423	5.42842842843	0.006290098238238238	-0.009576812987927561	-0.0037893386605462372	-0.12518561194825897	0.1757200337759617	0.0471681637619322
random	identity	0	999	1598	1.5995995996	6215	6.2212212212199995	0.006277449247247247	-0.026011191398390344	-0.0169612705654792	-0.16476340094933817	0.10484127170819513	0.04807829091834639
random	identity	0	999	1798	1.7997997998	6968	6.974974974969999	0.006057244960627294	-0.03974339630784708	-0.0064662026320895846	-0.2004616208104119	0.09942501849100253	0.04969263294081566
random	identity	0	999	1998	2.0	7786	7.79379379379	0.0055791067494160825	-0.06438782837022132	0.01773670585972982	-0.21774574793768217	0.1058236918161387	0.05114391592831647
random	identity	0	999	2197	2.1991991991999997	8581	8.58958958959	0.00564088694994995	-0.04014693031187123	0.03686273514875274	-0.19422103611557318	0.09395684248280889	0.05284846800412092
random	identity	0	999	2397	2.3993993994	9340	9.34934934935	0.005551105373373374	-0.026515571830985917	0.029394967323048533	-0.15360383729725563	0.15220070337978764	0.04999375671064927
random	identity	0	999	2597	2.5995995996	10146	10.1561561562	0.005913210044711378	-0.03689100349094568	0.01401595966878261	-0.1763681366382754	0.12048942512498212	0.044438581513724665
random	identity	0	999	2797	2.7997997998	10905	10.9159159159	0.005941788912579246	-0.02454673965794769	0.01800438795384963	-0.15485198339423992	0.14810210327529374	0.05222456200712205
random	identity	0	999	2997	3.0	11689	11.700700700699999	0.006520927268268269	-0.019235599054325956	-0.017150635578515233	-0.15201174767631875	0.09039683542766427	0.05224262188499045
random	identity	0	999	3196	3.1991991992	12432	12.4444444444	0.006124029587921254	-0.05792925085513079	0.003253419231585944	-0.20116294755865566	0.08755219845149052	0.055865492651870366
random	identity	0	999	3396	3.3993993994	13236	13.2492492492	0.005935230738071405	-0.05176918870221328	0.01222068618077744	-0.18625673912056506	0.1360893983651861	0.04942048361750453
random	identity	0	999	3596	3.5995995996	14029	14.043043042999999	0.005994481707374041	-0.03590622836016096	-0.0015493293095476931	-0.15338446415541954	0.13642019832070543	0.03812970586359301
random	identity	0	999	3796	3.7997997998	14858	14.8728728729	0.005659935837837838	-0.04037184555331992	0.009609061947785965	-0.170014912434833	0.13539689964585638	0.039411152124456755
random	identity	0	999	3996	4.0	15641	15.656656656700001	0.0062820950804137465	-0.023496636136820927	6.240907940266421e-06	-0.1386786431427218	0.15392311914846754	0.047527713187464064
random	identity	0	999	4195	4.1991991992	16316	16.332332332300002	0.005971374526526526	-0.014022073742454727	0.021744433253470336	-0.11458818482305679	0.18648144600423494	0.05789881434703895
random	identity	0	999	4395	4.3993993994	17085	17.1021021021	0.005604833602268935	-0.030009713712273643	0.06560926996374154	-0.19355023828936757	0.11893999821027501	0.07260523924121141
random	identity	0	999	4595	4.599599599599999	17856	17.873873873900003	0.006043002235568903	-0.0123692176056338	0.017558882170629876	-0.13936645988121682	0.15570484704231713	0.06173606761869754
random	identity	0	999	4795	4.799799799800001	18616	18.6346346346	0.006277859804471138	-0.010734205171026155	0.049894112607634516	-0.13800089752288155	0.13820961694522685	0.05892940734407205
random	identity	0	999	4995	5.0	19440	19.4594594595	0.0061459197180513845	-0.028294550925553323	0.056672754191547284	-0.1648929311064386	0.10052678445925659	0.057419302244210525
random	identity	0	999	5194	5.1991991992	20215	20.2352352352	0.00612047910910911	-0.025228974607645876	0.041360110770304964	-0.12695408557306745	0.149480770776157	0.04894917344949948
random	identity	0	999	5394	5.399399399400001	21029	21.0500500501	0.0060471476933600275	-0.013536803460764586	0.012942316615766876	-0.10947679840631777	0.16453372962745183	0.04432030124425197
random	identity	0	999	5594	5.5995995996	21830	21.8518518519	0.005775303073406741	-0.01567053782696177	0.0328600869986134	-0.1325698885578517	0.19538202663829127	0.04943810030003434
random	identity	0	999	5794	5.799799799800001	22622	22.6446446446	0.006127579104771438	-0.013709167173038234	-0.004007465523570415	-0.14695273522926794	0.18066529028114223	0.036148395770055915
random	identity	0	999	5994	6.0	23381	23.4044044044	0.006305590296963631	-0.008697523460764587	-0.014978621149294224	-0.12400215908876969	0.17293279184291674	0.03814361248140932
random	identity	0	999	6193	6.1991991992	24103	24.1271271271	0.006441688662662662	-0.03985495405432596	-0.013964155044187914	-0.19272949231221756	0.08671776303731375	0.036614619975848604
random	identity	0	999	6393	6.399399399400001	24815	24.8398398398	0.006182527460794128	-0.019669663199195168	0.02833935769140751	-0.15787994875712982	0.1206697224132423	0.04643609969062525
random	identity	0	999	6593	6.5995995996	25504	25.5295295295	0.0061185040103436785	-0.026659460321931592	0.00263079429017991	-0.13490291450447725	0.16037695293285698	0.034099317827242306
random	identity	0	999	6793	6.799799799800001	26338	26.3643643644	0.006062421085418751	-0.01678461842052314	-0.0028734503865089967	-0.13565135543771634	0.12668722283213596	0.041168599061618655
random	identity	0	999	6993	7.0	27062	27.0890890891	0.005809529947280613	-0.031258617354124746	0.01805579853251952	-0.16208999795510307	0.12417852069472547	0.05449310318609123
random	identity	0	999	7192	7.1991991992	27887	27.9149149149	0.005489099537871206	-0.04678869042253521	0.007574255107645281	-0.2051905983479265	0.08179848694933507	0.04701935775613559
random	identity	0	999	7392	7.399399399400001	28666	28.694694694699997	0.005769684593927261	-0.025827487867203222	0.02128756185065261	-0.1572442038343955	0.11058991156235186	0.055263825804148466
random	identity	0	999	7592	7.5995995996	29415	29.444444444400002	0.005704092759092426	-0.032162655301810866	-0.007950329151245187	-0.16107663515171933	0.10915460494629387	0.05280554469668846
random	identity	0	999	7792	7.799799799800001	30188	30.2182182182	0.005673812415081747	-0.035241199275653924	0.02069878610693753	-0.1614872207874729	0.13497561651666962	0.05417599778254654
random	identity	0	999	7992	8.0	30958	30.988988989	0.005490489564898231	-0.026559721579476864	0.030880308262269677	-0.17545223496440368	0.11256018450797382	0.05338672234691772
random	identity	0	999	8191	8.199199199199999	31725	31.756756756799998	0.005529818498164832	-0.0520737373138833	0.04434202323934154	-0.20647023319688598	0.0828300082512205	0.04999617592206998
random	identity	0	999	8391	8.3993993994	32539	32.571571571599996	0.006400663131798466	-0.02038157809859155	0.002609910230911361	-0.1265458016653425	0.14179819813603567	0.04318914111403417
random	identity	0	999	8591	8.599599599600001	33310	33.3433433433	0.006075571751084418	-0.026193542293762577	0.038543016700639796	-0.13217798024516145	0.1590292116837743	0.052647955715263574
random	identity	0	999	8791	8.7997997998	34038	34.0720720721	0.006180381134801468	-0.03569923682092555	0.020866436635015456	-0.1706427900500309	0.12684658636134918	0.05085636570767077
random	identity	0	999	8991	9.0	34869	34.9039039039	0.0062271314928261596	-0.020003158641851104	-0.002435282722682948	-0.13294645572900302	0.12542440810890754	0.05636220687741783
random	identity	0	999	9190	9.199199199199999	35672	35.7077077077	0.005646613135468801	-0.032799413118712276	-0.019175420249362893	-0.14720977823511883	0.13650093774348399	0.04948929859809558
random	identity	0	999	9390	9.3993993994	36453	36.489489489499995	0.005869655447781115	-0.007672672394366196	0.00742290066456771	-0.09485039556383439	0.17896259674548137	0.05143020190724888
random	identity	0	999	9590	9.599599599600001	37158	37.1951951952	0.006013555729396062	-0.01807098439637827	-0.0018012390711457994	-0.14663523682206145	0.13403653180938507	0.051172251691575285
random	identity	0	999	9790	9.7997997998	37914	37.951951951999995	0.005897297334668001	-0.05546580390342052	0.028696112185654814	-0.23437882050199255	0.09053050649346918	0.053398673537578295
random	identity	0	999	9990	10.0	38691	38.7297297297	0.005546765548882215	-0.051908334849094566	0.06261350230531029	-0.24288238197397616	0.06428158456808258	0.05695361231191653
random	identity	1	999	0	0.0	0	0.0	0.008753499597597598	0.04916119412474848	-0.07900445827009693	0.01897601415543384	0.2865067909529468	0.022624003012784135
random	identity	1	999	199	0.199199199199	724	0.7247247247249999	0.007349922182849516	0.009718986167002012	-0.004362890423728697	-0.06434188400608436	0.24245876574682643	0.03873132686579508
random	identity	1	999	399	0.39939939939900004	1533	1.5345345345299999	0.006645651343009675	0.01850010938631791	0.01176291015059481	-0.021731049755910337	0.25801292113707586	0.04705142289748782
random	identity	1	999	599	0.5995995996	2423	2.42542542543	0.007057216351351352	0.02692416207243461	-0.028851065046766055	-0.009318447206640313	0.2884952510058336	0.029682515253363215
random	identity	1	999	799	0.7997997998	3218	3.22122122122	0.0058142684744744745	0.011067792233400403	0.017738878399953265	-0.05540965202413144	0.26259243187248954	0.046458290657280306
random	identity	1	999	999	1.0	4091	4.0950950951	0.006192214374708041	0.006556461820925552	0.00786976512452962	-0.08113265637081057	0.23859568596606556	0.04254887470939796
random	identity	1	999	1198	1.1991991992	4856	4.86086086086	0.006874966947614281	0.008043681901408454	-0.029883551641726434	-0.060172487667449044	0.23543949228737335	0.03895356709190106
random	identity	1	999	1398	1.3993993994	5576	5.58158158158	0.006512735048715382	0.006009810482897386	-0.045359622145454304	-0.05707202818253111	0.24989846417647948	0.039201702668337016
random	identity	1	999	1598	1.5995995996	6370	6.3763763763800005	0.0065485316272939605	0.030477568490945673	-0.018800713252638733	-0.019446650893842888	0.26695249040151303	0.045683863095344564
random	identity	1	999	1798	1.7997997998	7164	7.17117117117	0.0063109425342008675	-0.003672176327967808	-0.01697248370998827	-0.07531102576448497	0.2225284288421074	0.041920797022431455
random	identity	1	999	1998	2.0	8061	8.06906906907	0.0062246864294294305	-0.013676720311871232	-0.04819710367581965	-0.0793994066975465	0.19987417547164615	0.03384699991859532
random	identity	1	999	2197	2.1991991991999997	8846	8.85485485485	0.006116932172172172	-0.01355143676056338	-0.005827435834023963	-0.11256780628573351	0.19513615037890225	0.04136439403786533
random	identity	1	999	2397	2.3993993994	9620	9.629629629630001	0.006393074204537871	-0.022299163561368213	-0.0019585538484311006	-0.11858458001911978	0.16607073269933254	0.0338233813645644
random	identity	1	999	2597	2.5995995996	10436	10.4464464464	0.005801353648982315	-0.014440264285714285	0.016697628218219365	-0.1238275933875469	0.17945318841684835	0.04983746454463398
random	identity	1	999	2797	2.7997997998	11267	11.278278278299998	0.005770020303303303	-0.01893581118712274	-0.009070950813591922	-0.13153911917659847	0.18255221097859411	0.04316557822360597
random	identity	1	999	2997	3.0	12141	12.1531531532	0.006337848468134801	0.006216193460764588	-0.05028003663766726	-0.05099880949923483	0.22828908139860007	0.04154146287745784
random	identity	1	999	3196	3.1991991992	12947	12.95995996	0.006144333207207208	-0.020721169929577468	0.004100848381232407	-0.1645173945419137	0.1308673653053615	0.047228777168217745
random	identity	1	999	3396	3.3993993994	13709	13.7227227227	0.0056385945472138795	-0.039898043229376255	0.025382094417774097	-0.22159913892931887	0.10065475216486353	0.04757614440440137
random	identity	1	999	3596	3.5995995996	14458	14.4724724725	0.0061178930507173835	-0.011220348732394367	-0.018205836248974008	-0.09958693704311362	0.21054816480444155	0.04584333611927865
random	identity	1	999	3796	3.7997997998	15284	15.299299299300001	0.005887283090423758	-0.006999287213279681	0.014560487221835932	-0.09951023619152619	0.21885964839916788	0.05068054854844012
random	identity	1	999	3996	4.0	16129	16.1451451451	0.006153379398732065	-0.01243218870221328	0.01668241157488897	-0.10739560644800296	0.18185447199570226	0.03942320570055984
random	identity	1	999	4195	4.1991991992	16967	16.983983984	0.006348028342008676	0.005562896358148892	-0.01852705137549124	-0.07429138459842483	0.2171121518329544	0.03186364694246952
random	identity	1	999	4395	4.3993993994	17682	17.699699699700002	0.006336077965298632	-0.018276520965794768	-0.01484971855297412	-0.07953126593999302	0.22472919611717174	0.036401178443979186
random	identity	1	999	4595	4.599599599599999	18452	18.4704704705	0.005915120086419754	-0.020221902233400403	-0.019484659496625575	-0.09332076395736325	0.20591047872240625	0.043381336060769785
random	identity	1	999	4795	4.799799799800001	19299	19.318318318299998	0.0064012460980980975	-0.004900251317907444	-0.006580062641651725	-0.06529061515110189	0.21210763004300395	0.046535737564002894
random	identity	1	999	4995	5.0	20058	20.0780780781	0.006232965521187853	-0.008314296891348086	-0.0007819048576089789	-0.06844873141610311	0.2358516505670423	0.04116430174447889
random	identity	1	999	5194	5.1991991992	20851	20.8718718719	0.006187944440106774	0.010723263380281687	-0.011967534203918878	-0.021007773989398487	0.2944362560495787	0.036468033131195926
random	identity	1	999	5394	5.399399399400001	21588	21.6096096096	0.006133926032699366	0.001283444476861166	-0.0001505631205368	-0.042812489607377685	0.26706617152838746	0.03751350651559521
random	identity	1	999	5594	5.5995995996	22496	22.5185185185	0.0061616964284284285	0.004442934919517099	0.009228841734070728	-0.09406196059216114	0.18247172711520818	0.04215089778808763
random	identity	1	999	5794	5.799799799800001	23281	23.304304304299997	0.006592543369035703	-0.014172028108651914	0.011855449530472805	-0.1210377900234793	0.17624935739691053	0.04306858367417669
random	identity	1	999	5994	6.0	24083	24.1071071071	0.006376313693026359	-0.015788073329979876	0.012548203928397094	-0.10806745082711704	0.1893857810732888	0.03578425236019805
random	identity	1	999	6193	6.1991991992	24871	24.8958958959	0.0064619024260927594	0.0016259957042253515	0.004787146157206279	-0.06498650923614477	0.21864785846902732	0.04352684771308142
random	identity	1	999	6393	6.399399399400001	25618	25.6436436436	0.006401433889222556	0.003913533863179072	0.013743267611182348	-0.06754554419480673	0.25591102843015695	0.03756753962975618
random	identity	1	999	6593	6.5995995996	26436	26.4624624625	0.00608668328261595	-0.018551225382293764	0.033941921283816866	-0.13954583409355284	0.1624087720480696	0.05369553394170111
random	identity	1	999	6793	6.799799799800001	27212	27.2392392392	0.00667714504104104	-0.0001127800804828997	0.035219646520845346	-0.11688459494517411	0.19858094744427388	0.04345770186211402
random	identity	1	999	6993	7.0	28056	28.0840840841	0.006421884681681682	-0.00262616601609658	0.011549469055282402	-0.1132602635917795	0.21058675406520586	0.040605209946421375
random	identity	1	999	7192	7.1991991992	28796	28.8248248248	0.00645005675408742	0.00915376328973843	0.017043027782681307	-0.04241606643613106	0.2520178311383741	0.0446279745722969
random	identity	1	999	7392	7.399399399400001	29529	29.5585585586	0.006523132544878212	-0.016427481197183104	0.021591587497634238	-0.09698006424452088	0.2473377320591283	0.039623786351125276
random	identity	1	999	7592	7.5995995996	30338	30.368368368400002	0.006556707881214548	-0.024894325523138833	0.016042140579347396	-0.13723175342586408	0.19612401812567695	0.03614689907613909
random	identity	1	999	7792	7.799799799800001	31163	31.1941941942	0.006943005306639975	0.0009091372937625734	0.04102191776885056	-0.09744461384933978	0.21266599154193544	0.046365997024375986
random	identity	1	999	7992	8.0	31882	31.9139139139	0.006953899954954955	0.018604505030181084	0.006587638736007177	-0.02727039655295349	0.2657999955877112	0.04467079090947827
random	identity	1	999	8191	8.199199199199999	32585	32.617617617600004	0.007231141627293961	0.005604265674044261	-0.011132211777904145	-0.0757708030818311	0.2198028239974308	0.03969775196530226
random	identity	1	999	8391	8.3993993994	33359	33.3923923924	0.006827094526860194	0.005279128621730385	-0.010031337678877665	-0.06265620205799996	0.22224905218231591	0.04330732746176556
random	identity	1	999	8591	8.599599599600001	34241	34.275275275300004	0.006370199205205206	0.013514610352112672	-0.00906484486725034	-0.02329247854853456	0.25632210498937935	0.04825521844267962
random	identity	1	999	8791	8.7997997998	35044	35.0790790791	0.006527168452452453	0.004685835211267608	0.008607302109871201	-0.07068493174816629	0.23820052492634647	0.04763846322700454
random	identity	1	999	8991	9.0	35806	35.8418418418	0.006120116112445779	-0.009386803450704221	0.014151989986392582	-0.10555018102717659	0.2111315303623808	0.05083387661587495
random	identity	1	999	9190	9.199199199199999	36576	36.6126126126	0.006175018754087421	-0.0035938270824949674	0.01902575236441796	-0.09228355957045814	0.17695594387073763	0.047005103317182224
random	identity	1	999	9390	9.3993993994	37422	37.459459459499996	0.0066975038872205545	0.0034383339637826917	-0.01957478688190126	-0.06109201516529983	0.22000829868542182	0.03781232556296878
random	identity	1	999	9590	9.599599599600001	38187	38.2252252252	0.006618568878211544	-0.02155113424547284	-0.032152123287490564	-0.11329329293179444	0.19462226974200278	0.04389907257825571
random	identity	1	999	9790	9.7997997998	38935	38.973973974	0.006669222600600602	-0.006619762857142863	-0.027884730556175977	-0.07046073239541636	0.22537901274738945	0.040931546862782574
random	identity	1	999	9990	10.0	39675	39.7147147147	0.006594767722055388	0.009457999446680082	0.011332983582205757	-0.05817788533070552	0.21573979931450826	0.04694710860219719
