AA_seq	Human_EI_Avg	Human_EI_STD	Random_EI_Avg	Random_EI_STD	Human_enrichment	Bacteria_enrichment	Grantham_score
AA	0.087331150528	0.251290114313	0.0746829432676889	0.245170521045603	1.43366238157	1.18882600502	0
AC	0.0913074498875	0.197762722479	-0.00253233794765466	0.17749274877770896	0.8947918568209999	1.06135443108	195
AD	0.186631267926	0.233639897327	0.18453939459697	0.250360497127879	0.857806955687	1.00227530804	126
AE	0.142313482889	0.186633505079	0.168815250036821	0.21186020325142896	0.964905018673	1.01073798885	107
AF	-0.16341070725	0.24664989958500005	-0.16169214705085502	0.284348650149886	1.08140709436	0.927079421942	113
AG	0.0119421046537	0.252486752605	0.0247051499786791	0.27426991231556	1.0658072869	1.07062547793	60
AH	-0.047742387263400014	0.185550655269	-0.0440518366394617	0.18938164485969294	0.8571856109649999	0.92827130729	86
AI	-0.13148166025	0.227646565837	-0.152041229962647	0.267683143453978	0.904449303433	0.944843734717	94
AK	-0.108140398116	0.214275331014	-0.0995442954750726	0.264566287810153	0.8486387286660001	0.8724190674719999	106
AL	-0.0619591773938	0.23103840232	-0.16447681525102895	0.264185923625458	1.04496124359	1.0671058970899998	96
AM	-0.0132000669428	0.169890279998	-0.0093985426301555	0.22323161839028105	0.931688511362	0.960434423933	84
AN	-0.0636466485531	0.212142454297	-0.0761442436786469	0.272080316827721	0.7928839831300001	0.8157441027750001	111
AP	-0.0151234989526	0.239946549547	0.0165175774510778	0.252189767331844	0.981339867725	0.878762559653	27
AQ	-0.120938563564	0.182847390894	-0.0936263939012539	0.17793601223861602	0.980104741434	1.01586586205	91
AR	0.133850592846	0.297360248284	0.103377381083822	0.340291449098988	0.945713329387	1.03850334756	112
AS	-0.00734946625208	0.265429768217	0.0366507571699863	0.313278643969154	0.995682740892	0.927911111547	99
AT	-0.0118545434671	0.237867372671	0.144868556510875	0.247439330354474	0.983613907251	0.937263472917	58
AV	0.0499786541784	0.201575754177	0.0176124199145185	0.20099613866315694	1.12747711395	1.02371014796	64
AW	0.138739290736	0.167910876543	0.0999229343914858	0.193229606734296	0.96971063422	0.978807921482	148
AY	-0.199480623173	0.257238491222	-0.18654253475624805	0.250452638726839	0.823034515595	0.8693879965200001	112
CA	-0.117351355722	0.292429166156	-0.0361145959160344	0.28221571259585804	0.8017368991030001	0.91523459154	195
CC	0.147896989103	0.155176007173	0.0534849126362997	0.14967351442388	1.37335728973	1.6074391663299998	0
CD	0.222335365656	0.179168798182	0.171134822053834	0.199961587176346	0.947966223361	1.04785547975	154
CE	0.217355218398	0.189805059037	0.17674946917431195	0.190010845615476	0.835075488731	0.891876117434	170
CF	-0.104668409638	0.19732590631	-0.143722382012789	0.21190861637095	1.03684460715	1.01916240471	205
CG	0.138131726225	0.24206269275	0.14963894943506	0.257710140821831	1.31355154349	1.3036923557	159
CH	-0.0901809243657	0.145112070094	-0.0590643042993271	0.14474780591617098	1.17307998366	1.36422030474	174
CI	-0.140988800977	0.200364140216	-0.22086963554993	0.239380631288624	0.958108423443	0.914053033576	198
CK	-0.134061014	0.294666122422	-0.212174611654215	0.253939179030698	0.932618666478	0.7949876601729999	202
CL	-0.0166307317194	0.242710469863	-0.14018291954109	0.25246368741319297	0.995121270975	0.917329575533	198
CM	-0.0414677094486	0.148830721044	-0.0751988296176492	0.141844162330615	0.7631994065469999	0.778302790393	196
CN	-0.118033692353	0.242946010916	-0.182860762334328	0.23843865013840895	1.03549493972	0.941511547793	139
CP	-0.0484294377389	0.168799449144	-0.0182173479438348	0.15383414870414902	0.977366649487	1.1948228546	169
CQ	-0.116840231418	0.167238927247	-0.104919528362682	0.166960307150895	1.0299363296	0.933528357317	154
CR	0.0982946541732	0.316937883189	0.0213369934695845	0.366307903847058	1.0419372184	1.02771259243	180
CS	-0.0714423580426	0.240652089275	-0.0742208569387233	0.287000697995782	1.07550679583	1.0596728117299998	112
CT	-0.0489629743133	0.169664066484	-0.0769153868313264	0.158697798591881	0.915524947407	0.945339894154	149
CV	-0.0496622587691	0.195675406928	-0.064132856232556	0.21363616748617606	0.963458550363	0.929657324384	192
CW	-0.020849237888200003	0.187026404479	-0.0221294386127555	0.142094084384663	1.0978166867	1.00240719923	215
CY	-0.102587642579	0.19707425557100006	-0.145240478139161	0.195859705066505	1.00600802899	1.05578916495	194
DA	0.326198183368	0.232813699038	0.333018983420089	0.246969153146236	0.8602434946969999	0.99283241407	126
DC	0.246645465823	0.218678357185	0.132048871716989	0.21536598062373	0.985411346452	0.944157585859	154
DD	0.413688312426	0.250039974553	0.440216539313901	0.276602504107476	1.12499764716	0.986668000633	0
DE	0.281772093265	0.268151389309	0.347512765648198	0.280837163633056	0.981042762177	1.09403548266	45
DF	0.0450831913077	0.244903512087	-0.0354477609151746	0.257160334641631	1.20159434781	1.08437456277	177
DG	0.251304814307	0.300009816385	0.287319931777808	0.321114586327437	1.05693269175	1.0400838913	94
DH	0.100329707318	0.213875585342	0.0952336988037198	0.203807803830732	0.8995472260449999	0.985025283078	81
DI	0.136342866632	0.285815195317	0.00974196478985964	0.241863435051867	1.20982581526	1.04196923612	168
DK	0.0716729352939	0.234406681185	-0.0210302074972037	0.215758332608382	0.8870877396719999	0.94015668858	101
DL	0.215069890447	0.295153767838	0.0530951690364971	0.261520053596448	1.04621246525	1.00874229714	172
DM	0.117504193227	0.161327505536	0.0519560397675631	0.133530778223024	0.983089995311	0.82375419462	160
DN	0.0739226416487	0.269543872075	-0.024267845799165	0.236372289040324	0.947199937964	0.908424144023	23
DP	0.13972700339400002	0.245060442409	0.17518889054965894	0.236507109567051	0.969731551227	1.15023148293	108
DQ	0.116053151749	0.211206373493	0.060606040699799	0.20306930943481505	0.7892410482150001	0.854554493873	61
DR	0.21084234619000006	0.328185949418	0.14670853708709305	0.367629400569634	0.8926923872700001	1.03016496249	96
DS	0.0642541377056	0.215046060072	0.0232604109565088	0.261374270634267	1.04729192181	0.846991843815	65
DT	0.120008755681	0.204906200028	0.101203924783509	0.190085525524375	0.962143056301	0.8940678740200001	85
DV	0.209653365468	0.265936128183	0.23308766048528	0.283669721247569	1.06614949554	1.01477269467	152
DW	0.17199550732500002	0.176818573406	0.112588960157746	0.162635238592944	1.06594737499	1.19403685647	181
DY	0.0103155453044	0.246790285117	-0.0713891579110964	0.248352698710462	1.13027220672	1.15616115992	160
EA	0.222948155385	0.249031396584	0.25120650206366896	0.2602453245344969	1.06063486801	1.0049411919	107
EC	0.0169362165157	0.120588842417	0.0358682684656133	0.127004243440553	0.994565177119	0.7643328623289999	170
ED	0.607034526622	0.282323444952	0.637111701934836	0.29026430764484	1.28817447509	0.8745225385259999	45
EE	0.461088417745	0.313034088189	0.540648532655957	0.296949613283413	1.5692980484	1.08839952192	0
EF	0.0532748429371	0.141058974391	0.0528211556780447	0.14484291015817402	0.78027227514	0.89956051802	140
EG	0.00533804211241	0.272358646954	0.0343193442838732	0.27749268257219	0.9001493117380001	0.8409704589720001	98
EH	0.0993987152436	0.179612694415	0.132314511176681	0.181661998846447	0.8046607849840001	1.0578320528299998	40
EI	0.124759938093	0.221169944122	0.0757624288139668	0.21506559780657705	0.998669767666	1.1181581067200002	134
EK	0.18336898966	0.245191619029	0.0915118261613398	0.2111036160725	1.32433039269	1.26907584224	56
EL	0.07779627437360001	0.211304245782	0.0467834624021398	0.227312738680432	0.905609938442	1.01532032428	138
EM	0.127707152226	0.16254096796700002	0.0891789708367484	0.155272034897936	1.02884632956	0.934013600684	126
EN	0.147513419817	0.213842368805	0.114085037982328	0.21001254925483606	1.21451859998	1.11111583626	42
EP	0.141389004151	0.257380985344	0.180897599451242	0.262580038924983	0.74364749193	0.8427010356010001	93
EQ	0.0530135176613	0.202901154599	0.109243888726654	0.2102047396403061	0.914063379259	1.2019794366299998	29
ER	0.227335172507	0.23414940992	0.272240307705529	0.251871536708676	0.99913847811	1.15951406685	54
ES	0.166557952595	0.226746619812	0.18356254593844296	0.221804249629273	0.732183886549	0.855215479042	80
ET	0.268802627749	0.22550070975000006	0.258714134895147	0.212752429392222	0.881667137342	0.974851442003	65
EV	0.0622472826016	0.28048220485	0.0808082346276932	0.299490383103378	0.967248248299	0.972077411288	121
EW	0.0192846044694	0.140315273385	0.0343577429873696	0.152031911093956	0.816005328397	0.924248327058	152
EY	0.00788355694324	0.183510535822	-0.011492138778066	0.197613816328486	0.844740568496	0.932370520436	122
FA	0.0378251668386	0.302979797104	0.130038756058696	0.322514497914477	0.77854056506	0.935881646694	113
FC	0.06152535486280001	0.247282110278	-0.0963252170092048	0.239496032513322	1.15744271449	1.23982167601	205
FD	0.119228159817	0.236476499285	0.17011730352595494	0.2614231138613	0.953943653046	1.18183582571	177
FE	0.024951803671400003	0.206873371467	0.105231034433324	0.231466928118323	0.769680907624	0.958763103558	140
FF	-0.08007268238189999	0.339109898216	-0.20792674013411305	0.29600799475088296	1.18994574026	1.13186887906	0
FG	0.0212596106115	0.251980841158	0.071325705384388	0.278097443036977	0.939595096771	1.0962776853899998	153
FH	-0.0110871839145	0.17477406464499998	-0.0110109803164917	0.179968963774808	1.12406316059	0.971079018243	100
FI	-0.00581197194825	0.3444633969	-0.174100358203445	0.295237719473469	1.1535173412000002	0.996308008339	21
FK	-0.104660356848	0.322818281672	-0.224340944667354	0.300086517476091	0.854760673317	0.923948746457	102
FL	0.00860053117679	0.26780747456	-0.154837937555321	0.24662476485521	1.12592169208	0.927227408852	22
FM	-0.0991410774475	0.192557770104	-0.192114554049805	0.208837448607812	0.8913951116490001	0.825159378308	28
FN	-0.051212412291800014	0.357162945906	-0.18184945294164695	0.333705913457508	1.01909356738	1.12588583603	158
FP	-0.173329215009	0.224437775817	-0.136648351728147	0.23998765688551896	0.8841395570630001	0.8876160308259999	114
FQ	-0.0456817774699	0.14942261134999998	-0.0403245900015073	0.16950786353618302	1.04917087112	0.852263821853	116
FR	0.126691736696	0.368993994956	0.00100874553005095	0.434082888316983	0.992742709928	0.840531134422	97
FS	-0.0523117709557	0.2550865198	-0.118431816348401	0.317367973480758	1.14093215517	1.19821237085	155
FT	0.0373398693639	0.17284398430599998	0.0142360911373974	0.15701089207098498	1.05786894668	1.05927656175	103
FV	-0.0165092013112	0.283266608886	0.020649234394389	0.29039429264467703	0.972137910681	0.971384033056	50
FW	-0.016355469371599998	0.17799565913100002	-0.128317259002749	0.18172615427065	1.13911550084	1.066841415	40
FY	-0.151690722384	0.35375028274000003	-0.251835142261104	0.31937128010729804	1.20675285088	1.12089047243	22
GA	0.0507648454258	0.277911724422	0.0407777302742711	0.27734838557250296	1.00795377813	0.919372028239	60
GC	0.0764904602017	0.227946404735	0.00135270631115296	0.29889268557489	0.891177725943	1.1784950769	159
GD	0.157182412711	0.273173974421	0.145626780310898	0.278487627544041	0.999945369744	0.942257770896	94
GE	0.079581018279	0.267693511994	0.0839103559944705	0.282416275009525	0.921349967168	0.952940066736	98
GF	-0.0557180270299	0.265592498107	-0.104817289127175	0.297270045374293	1.02254334744	1.10334831726	153
GG	-0.0277324105557	0.336801605139	-0.0483763183590782	0.344058799480821	1.20248135195	1.02561023857	0
GH	0.0440030499261	0.209159273146	0.0606624426553864	0.228479403911976	0.997501976169	1.04385815619	98
GI	0.0109122224744	0.223461984264	-0.0550217427561034	0.290083416476882	0.957193732153	1.07397228365	135
GK	0.0590608719202	0.282786569045	-0.109201813369984	0.344231645360779	1.0424459377700002	1.10153754201	127
GL	-0.0181165678265	0.247634433484	-0.0931666799329022	0.30507583184271303	0.923049273258	0.981509752228	138
GM	0.053261047242	0.171114434358	-0.00505152269978644	0.23058625241250105	0.87306185388	1.02413029441	127
GN	0.112726970894	0.262332635919	-0.0275143555611543	0.32585704758471995	1.00101608964	0.936834998598	80
GP	0.07084801554430001	0.218716643487	0.124278559286259	0.255694264950695	1.06884838101	0.748169508543	42
GQ	-0.033719658506099995	0.228982508186	-0.00170307875831636	0.23529062874460105	0.8986405995379999	0.955162434353	87
GR	0.153948235666	0.328321471007	0.127573026125288	0.420976646802159	1.01318224037	1.01865694956	125
GS	-0.00658693087667	0.251998064246	-0.00251069021856389	0.309086961412237	1.08275787881	1.0022868714	56
GT	0.114860629438	0.273657744019	0.129313600941244	0.302034199559652	1.03314634133	1.04213650204	59
GV	-0.053570735784200005	0.306947400601	-0.0660465344880549	0.301649197710887	0.916442369798	1.04946040251	109
GW	-0.07459950447760001	0.253797797351	-0.0911169796777887	0.318443087884042	1.00709031374	1.19161300938	184
GY	-0.14401155217199998	0.246278134944	-0.17297853712436706	0.28030725222032105	1.00807567976	1.15090573131	147
HA	0.09181885954780003	0.18024690366	0.0937179716911171	0.187978163751292	0.73424109831	0.9187303388	86
HC	0.0313062092445	0.115509240353	0.00436698730258435	0.12172089861897803	1.2538906883499998	1.32124801412	174
HD	0.14094140970000002	0.178440570309	0.114333643728966	0.182286866012225	0.700185077469	0.990658366886	81
HE	0.115550683676	0.17538601842	0.107991307092588	0.171714865257142	0.71302496488	0.8825507796459999	40
HF	-0.190398249122	0.262354968851	-0.22270417832581504	0.283804708108115	1.13867713693	1.10638152885	100
HG	0.151169598844	0.220745209813	0.146539933041058	0.23863737976413105	0.920850199764	1.07292581248	98
HH	-0.127505003751	0.215827244674	-0.0792475044365729	0.17254552570443998	1.37432775758	1.41456005005	0
HI	-0.07544522344160001	0.21186783643800006	-0.17839059843468102	0.22403716051616696	1.07403518969	0.928030146713	94
HK	-0.0519256253584	0.198999164582	-0.120679299396026	0.20463399596551	0.8570613453120001	0.7776262189740001	32
HL	-0.038194033777	0.25804673149	-0.133916588141107	0.27716939805066804	1.14444515793	1.02417194606	99
HM	-0.0497156145648	0.103547208292	-0.0873389344377811	0.132089466332172	0.968622359903	0.735674904999	87
HN	-0.0905687353275	0.183499483907	-0.16120031745444902	0.193841695691374	0.914294066981	0.912450979315	68
HP	-0.028741727150500006	0.195362702112	0.0259547292460901	0.17990233410842102	1.02625713424	1.39373688261	77
HQ	-0.117735803343	0.164952991834	-0.0862184326249385	0.139846159435244	1.13414964182	1.04990782255	24
HR	0.06238047792650001	0.271030955016	0.0504544610995169	0.320897748599763	1.0990697464	1.06358547494	29
HS	-0.07114061735939999	0.17832132542800005	-0.0747113161995078	0.205580437735647	1.08828070215	0.917883702549	89
HT	0.0173739763192	0.12765988025900002	-0.0046342908253542295	0.124708319851343	1.17446436452	0.914698196586	47
HV	0.0419333023011	0.154762551026	0.0102586443782424	0.168356732763577	0.943934807647	0.910732266815	84
HW	0.0140374491391	0.0642981927239	0.0228579366689592	0.0900487326362065	1.11150519324	1.2078754001899998	115
HY	-0.184585762178	0.253444477198	-0.21493121729599104	0.25744277595095	1.1632226268	1.16883973029	83
IA	-0.00425630955135	0.274242202438	-0.0531404052556998	0.29664365490693	0.841611487131	1.03953383934	94
IC	0.0565383752969	0.230107385367	-0.0877708113708742	0.213590567040875	1.1219373088200002	1.1067163223999998	198
ID	0.06954868026910001	0.260165714568	0.029278612767503	0.293224936617024	0.933568785822	1.15522628347	168
IE	-0.00704664200099	0.197892100078	-0.0302689570519008	0.223315582020715	0.813397117712	1.09462435293	134
IF	-0.16145535664000002	0.280623265673	-0.245205581704418	0.283918469603367	1.19584606235	0.957715601844	21
IG	0.00126751392897	0.318076871697	-0.12914705720919098	0.39743355297689104	0.761373037266	1.03308919392	135
IH	0.0359585660589	0.140677752364	0.0201870925059247	0.13565147781788	1.26779072011	0.931277740121	94
II	-0.0893896714045	0.270625820417	-0.248270397890454	0.274275986126287	1.23764006234	0.994646956784	0
IK	-0.154016276787	0.248163535681	-0.266253266757087	0.237188728464377	1.01981960554	1.0707681408399998	102
IL	-0.00646543225697	0.276779038053	-0.14171655974358402	0.268606643082093	1.05098495053	0.876818183155	5
IM	-0.0974575881122	0.188114607574	-0.221719309779387	0.193011418554761	0.978093823647	0.760360029773	10
IN	-0.104354900694	0.235587750106	-0.20760055276531894	0.240607014086671	1.13598864642	1.15911457096	149
IP	-0.0797997553115	0.225381010624	-0.0468721507703217	0.22972564856622	0.950126334858	1.00599222986	95
IQ	0.0492328023429	0.126907845949	0.0081784824176404	0.11878096894336697	1.08244401926	0.854119162541	109
IR	0.100905104244	0.317168156381	-0.0103916724390948	0.34661980250172103	0.958595898585	0.8787493996889999	97
IS	-0.07915713405460001	0.209261643066	-0.111522072365967	0.255385011079278	1.00785789925	1.09945312298	142
IT	-0.051730366656300014	0.17006640207	-0.0758573224024148	0.18051054794223495	1.1002294652	1.0462564974700002	89
IV	-0.054498398802500014	0.312725876715	-0.172679532646164	0.341433708465338	0.946186731073	0.984752416244	29
IW	0.00100419494445	0.157581333625	-0.0736329653070994	0.16329151521714005	0.959698380527	0.7831420463490001	61
IY	-0.177183655465	0.22741076899300006	-0.23157607336665306	0.244855286967975	1.16712622666	0.98115635274	33
KA	0.0640161362978	0.186411450759	0.0448039516573483	0.17905324946050194	1.01070077995	0.8919103963060001	106
KC	-0.06041281498680001	0.151217375241	-0.0903002004642526	0.174427852833353	0.96505720981	0.702738746455	202
KD	0.347826657122	0.231967991695	0.30424940041681603	0.246437339899939	1.11631221233	0.96934915373	101
KE	0.278585064512	0.269559809113	0.274785075878623	0.263170834240892	1.22274728005	1.13174011419	56
KF	-0.0129131425773	0.251862609579	-0.0965615274924084	0.262441699506127	0.816290649339	0.812530016822	102
KG	-0.0663777956877	0.235694090424	-0.0850589962045652	0.254246629724061	0.857706687225	0.8687311808949999	127
KH	0.0200840631266	0.138521129231	0.013076771502983	0.137251437347265	0.93734812239	0.909530504158	32
KI	0.104554102102	0.411962209645	-0.0185323955272001	0.363312665560628	1.09616056886	1.15542169168	102
KK	0.359983283061	0.409295598745	0.14294732776534194	0.36770608040606895	1.38178568685	1.44088549535	0
KL	0.0360860413344	0.233116387539	-0.0670315297959885	0.23717545893628106	0.891881304755	0.930582242997	107
KM	0.141066023124	0.385904918256	-0.0162380417921574	0.332773044281501	1.05984299522	0.857070456636	95
KN	0.201898114933	0.404560376835	0.0694530843371347	0.363186526088047	1.12410200066	1.3168118099	94
KP	0.0555829234497	0.2503469936	0.0333517705363174	0.244055038731256	0.905245714477	0.973508260503	103
KQ	0.0102629749744	0.1782561327	0.00827109687754302	0.161935999168116	0.934568326868	1.07321626712	53
KR	0.221697826072	0.260588461443	0.17852684474380298	0.25787891086522	1.01171076433	0.922636225963	26
KS	0.105017970347	0.23444778822	0.0679281401257145	0.21712536906333	0.8071110257269999	0.968414971145	121
KT	0.251273049111	0.340027542252	0.16999606726046498	0.313024481985344	1.0021363941	1.06502134256	78
KV	-0.074496795462	0.169767015488	-0.080227818356794	0.196424924401161	0.98691470188	0.954792007776	97
KW	-0.0517165355789	0.182000283893	-0.0809664160617932	0.206581526316249	0.872228656219	0.812381463798	110
KY	-0.123551530543	0.196649144439	-0.186394533449756	0.232025144143773	1.01305512411	1.07292278303	85
LA	-0.0343384280658	0.240015603791	-0.152651089164616	0.329023313745261	0.993367422151	1.09479923825	96
LC	-0.059168317370800014	0.219164900602	-0.170610949236231	0.17427413150878898	0.995895334644	1.0150751542799998	198
LD	0.13498025387	0.317090106898	-0.0457816162226727	0.360248400598758	0.990757132754	1.03140830699	172
LE	0.0497890027457	0.262593852519	-0.0661726764236727	0.295865368813404	1.01253143999	0.960554484781	138
LF	-0.158648703971	0.272035753305	-0.256216737834011	0.262755347460793	0.940437570797	0.966705275306	22
LG	-0.0831271097613	0.286493360461	-0.278410890300906	0.389398199225034	0.928233227391	0.980726423324	138
LH	0.023227750753	0.197798152846	-0.0279963978357057	0.185969024826598	1.05917560249	0.950313956023	99
LI	-0.0910488102259	0.266879404592	-0.240988268416536	0.282390516546164	0.885411191081	0.921738377606	5
LK	-0.0281316811488	0.335345770845	-0.213238517510245	0.32457234962456705	1.00217121127	1.02928931971	107
LL	0.0468870720966	0.279293257626	-0.151635577576729	0.28434326331814	1.1164461552	0.987742213853	0
LM	-0.0157724954582	0.229572148634	-0.157607518922311	0.25039963762912804	0.84770688238	0.858732799613	15
LN	-0.0697285243459	0.281321759229	-0.202502462213974	0.313555815434878	0.964793437454	0.993530409385	153
LP	0.021990153509400003	0.212834434132	0.0231852573590336	0.21872378520527105	0.975881449787	1.08822554439	98
LQ	-0.0198270352308	0.17240345776799998	-0.0502815826417693	0.168226311919331	1.22637572738	0.936732262817	113
LR	0.208818094264	0.337949973007	0.0708212819008904	0.36951968544488506	1.06895020987	1.00670264427	102
LS	-0.0351742226558	0.216845801203	-0.0978010725555827	0.2569862893429849	0.965282132126	1.12831938222	145
LT	0.06590665755059999	0.229483191866	-0.0036148615236838897	0.22819935285378695	0.966087679392	1.03329119123	92
LV	-0.124421417154	0.260710708254	-0.3106029876918189	0.341719020703619	0.935218248795	0.962790768773	32
LW	0.0245973182554	0.182533110408	-0.0831902066331071	0.187788013359939	0.959144143109	0.8760409509880001	61
LY	-0.204990336723	0.26241741808	-0.310938765380898	0.283353323378971	0.963201734667	0.867251229052	36
MA	0.104273314202	0.187475846524	0.107332692402996	0.188977895194466	1.3093942183399998	1.03762147458	84
MC	-0.0823256760572	0.12751905882	-0.0975341553970411	0.128658336278256	0.806375791017	0.797905243044	196
MD	0.449235379624	0.166046706784	0.38449122364367	0.192354427317142	1.20764817404	0.915618068352	160
ME	0.361273347671	0.16298598909	0.3463782574082331	0.166876127899575	1.20673632785	0.888774092173	126
MF	0.0495460006111	0.22087704126200006	-0.00510179688610346	0.246632352838061	0.925172688631	0.8234147393440001	28
MG	-0.107782309207	0.204256229243	-0.173239339679235	0.226471071562406	0.920780278369	0.953933244671	127
MH	-0.105361871594	0.16762214494	-0.14091559702149406	0.191559703658525	0.8463015655239999	0.919945379275	87
MI	0.10691479624	0.234777925282	0.0431607676524371	0.226172666232372	0.871602055706	0.990079858644	10
MK	0.274179334493	0.261160420649	0.19657211399812505	0.23799849478455	1.14475610451	1.18844901566	95
ML	0.006702718487530001	0.196768831639	-0.0733582275321903	0.209137146539126	0.926554449652	0.98391514737	15
MM	0.194029829337	0.146432150318	0.182682928450808	0.14693626593958406	1.12667047229	1.06606728171	0
MN	0.290047982932	0.166307982421	0.241169253315191	0.18687151358049106	1.14668237209	1.15741985698	142
MP	0.07516441409130001	0.244858477832	0.0599274748639764	0.25554925558693	0.8250494232100001	1.10528138772	87
MQ	-0.08091620314110001	0.16380829832399998	-0.126785425668322	0.18747288011599694	0.897080410967	1.04176140922	101
MR	0.09438504865869997	0.226402641797	0.0716247714709069	0.215982186309891	0.858734820323	0.993054553771	91
MS	0.0313027723664	0.162121679082	0.0379233563644596	0.17184472293679098	0.867709161406	1.1507215483700002	135
MT	0.28122887627	0.199813797742	0.275340896894456	0.21743294049176504	0.97186614625	1.19613109314	81
MV	-0.132844268041	0.165174476289	-0.209666762929001	0.19117450571744	1.05741207693	0.953190557186	21
MW	0.0536192745291	0.197011950442	0.0323189908873529	0.20017034219126295	0.935273647502	0.673428648288	67
MY	-0.100046328845	0.161831138799	-0.129415866149521	0.20669631667133495	0.978822756381	0.719888854126	36
NC	0.08131866454469999	0.21570045666	-0.0362337637163343	0.22724034100457105	1.02977136904	1.0375809983600002	139
ND	0.195265085815	0.196459356184	0.210108509935597	0.2180623912783	0.8633948774519999	0.914975212285	23
NE	0.083120601741	0.167174099647	0.095311454257396	0.17876593059010698	0.8524586785959999	0.883103289063	42
NF	0.00117160413525	0.26629287138	-0.0994034529358306	0.28007294084155393	1.11116671669	1.04535786999	158
NG	0.106266290553	0.27502700932	0.11024966013977	0.31026404078667	1.02401033365	0.981566406843	80
NH	-0.0028268612997	0.152205099388	-0.0143990695639232	0.13497364706952	1.01276090611	0.982701158461	68
NI	-0.00620735225551	0.275959867399	-0.155539643931462	0.267271519267655	1.31518457137	1.1583630267899998	149
NK	-0.0193483674508	0.254022079876	-0.122970696352736	0.240843519360614	1.03740895275	1.06677342903	94
NL	0.0992531456599	0.251228972304	-0.0298371547051862	0.235719307074233	1.0446606938299998	0.999192559457	153
NM	-0.0230316454993	0.181670268931	-0.113508736113739	0.192109870524186	1.06410420354	0.821321020479	142
NN	0.0462841839809	0.296693426287	-0.0793548230989786	0.268488598010643	1.1460648655	1.21614827765	0
NP	-0.0137883896146	0.260230876613	0.0165312190868767	0.278719153827305	0.950806942357	1.28442832498	91
NQ	0.0265223082632	0.14493102477	0.0183832484426991	0.15363776301810098	0.943081063551	1.0557200936799995	46
NR	0.0989119114222	0.301678450375	0.0575593281521031	0.333130532977879	0.896770129517	0.919432638493	86
NS	-0.0157629926759	0.216213044816	-0.0621442792426325	0.262413894088446	1.03541676608	0.962479103428	46
NT	0.0931506813768	0.190761011911	0.0480863685810203	0.19012050519940896	1.00476845832	0.982152951383	65
NV	0.08469424401560001	0.217942138019	0.0773352998443245	0.23387529106825106	0.996420067564	0.924219267787	133
NW	0.0472742315173	0.186740034244	-0.0151819104017487	0.20170684202294295	1.03831506539	1.08060266541	174
NY	-0.0648666054112	0.265083594107	-0.16505861456745	0.282230475598061	1.17612324393	1.19935532369	143
PA	0.0386313982608	0.34227414721999994	0.0766530343904561	0.331814879272718	1.14332629525	1.03312339328	27
PC	0.0881628886029	0.180956834897	0.0287885661650568	0.17060570932706098	0.820032729863	0.800237081529	169
PD	0.0632416031997	0.206977231402	0.0858214756748293	0.212748413229335	0.930584020164	1.20419557593	108
PE	0.106244768414	0.200650777779	0.146777465616508	0.219165417628909	1.01382110516	1.24034463692	93
PF	-0.255805928473	0.275841065249	-0.26975990629581	0.314743117069032	0.853998981626	1.01205651142	114
PG	0.109671544691	0.233239168109	0.132191435392054	0.26651633117906304	1.32870123177	1.05872134537	42
PH	-0.08588348579539999	0.17196819333299998	-0.0671879416537414	0.167183907242815	0.893240516857	1.03188967769	77
PI	-0.190384430579	0.230057320544	-0.239582978020978	0.24993073725286305	0.701303463361	0.8459155302179999	95
PK	-0.210840353403	0.258177584913	-0.216824556193285	0.29969269146128696	0.7749690162139999	0.850231404029	103
PL	-0.06206559764690001	0.251854734995	-0.191013649313915	0.291750825470016	0.850759169659	0.942355711382	98
PM	-0.0303886140733	0.157132527369	-0.0306298579849212	0.194578504194918	0.71289665059	0.809660930944	87
PN	-0.20709947935400005	0.248539984548	-0.219928394900023	0.292673230718777	0.794515776421	0.917719048291	91
PP	-0.0910835503818	0.246053402188	-0.0741903367567298	0.260618687061067	1.5862816362399998	0.974540012333	0
PQ	-0.176931176655	0.183360542321	-0.111376181807795	0.17096988747422098	0.963427790486	1.0032053735	76
PR	0.155405432993	0.29502936874	0.14995838126777694	0.3294490641800589	0.958169325393	0.8379478534550001	103
PS	-0.0509573827685	0.286990543553	0.013100118110165	0.305681347161914	1.10131057509	0.981414803082	74
PT	-0.035963179073800006	0.229984106745	0.0743603236074722	0.22838141505353104	0.93588099898	0.976069079266	38
PV	-0.0152714985097	0.216814906426	-0.0420276067906992	0.229026617664031	1.02500243013	1.11159726308	68
PW	0.14983285960200002	0.15543212989	0.15613673927525198	0.173842494701321	0.9261638207	1.06303714275	147
PY	-0.256287133745	0.240481271054	-0.263598134321499	0.24839529713016506	0.989666610611	0.984811763468	110
QA	-8.91154453664e-05	0.148413552586	0.070192531666889	0.183282443376933	1.06754878786	1.0622850173	91
QC	-0.114883227083	0.105406723563	-0.0585738953455002	0.113864610461137	0.909541476397	0.7920784010549999	154
QD	0.271181027353	0.258319248719	0.363230766303398	0.284094784267561	1.01157568322	0.811674976243	61
QE	0.215418555708	0.31792067017	0.356661654253761	0.347949338634182	1.15838943466	0.93677142897	29
QF	-0.0721125780575	0.173769740829	-0.0548091828829239	0.162927828901627	0.787741113167	0.913036232641	116
QG	-0.102044929132	0.258370084984	-0.0418522158882975	0.279752123858142	0.920946351974	0.8927663831370001	87
QH	-0.0685584312719	0.289097119944	0.0405493259747681	0.218049761455435	1.06002478366	1.04065006472	24
QI	-0.033203586475200005	0.17753143270799998	-0.0950103633186793	0.19706727002977806	0.935683315148	1.02065319884	109
QK	0.136234369364	0.293721179153	-0.0107111205301629	0.247514020762368	1.06619766868	1.06388004338	53
QL	-0.0747478233409	0.195100262803	-0.0790290046132136	0.231738747606076	1.0051534477	1.02269412144	113
QM	0.0541777623812	0.125754452368	0.0126944661398041	0.133773236791878	0.993428441542	0.924194540624	101
QN	0.0606405786957	0.200671412555	-0.0200689007081206	0.21300550190455306	1.06125759707	1.0046958711799998	46
QP	-0.15930388494	0.204128674606	-0.0309641379319793	0.217981254828794	0.963772851242	0.997998936292	76
QQ	-0.06908176520960001	0.280262302864	0.039838406425904	0.22376613144675306	1.3638401272299998	1.42077471105	0
QR	0.140341073857	0.195219051749	0.218053967606208	0.234087572109237	1.12046915481	1.1059237186	43
QS	-0.0268486565022	0.138040889009	0.0140560776744463	0.153160697328194	0.78589096163	0.938071655506	68
QT	0.0649376528869	0.213426849868	0.0757884119458017	0.202382530055851	0.889768466728	0.981997570757	42
QV	-0.205840972801	0.24331297022	-0.130296786098329	0.265384693590608	0.969491033238	0.995139430762	96
QW	-0.0468834165873	0.118021258995	-0.0225207691148996	0.148117540409093	0.949080406835	1.08234232276	130
QY	-0.212882229613	0.223666504382	-0.19601859507469	0.20730101039066695	0.8900842770720001	0.938691187739	99
RA	0.127414065774	0.266389917456	0.104425791177316	0.286383029666216	0.98615852976	0.943137484212	112
RC	0.15607308026	0.227823852576	0.0854342016309249	0.24402878694899	0.98125286687	0.949339940766	180
RD	0.265056967383	0.269724909867	0.23650669294443696	0.297035020168221	1.01614242891	0.979027902379	96
RE	0.202119705903	0.30090714123	0.19396807971262894	0.306345573263733	0.991523073038	1.07304072945	54
RF	0.0042164292282	0.225667552702	-0.0466711699376988	0.248527536842108	0.901146331468	1.07359435699	97
RG	0.12286437299	0.30241596624	0.0907323868050639	0.346973823418272	0.982267572892	0.8508719413160001	125
RH	0.0304932863111	0.21719337842	0.0609625373975684	0.257649668606882	1.07291731724	1.12980029839	29
RI	0.163752189184	0.247861645651	0.0781597289997255	0.268284391979657	1.00192350444	1.01392995184	97
RK	0.158229701171	0.277769832304	0.0611116616733222	0.27825367964491604	1.12333298824	0.913510332888	26
RL	0.0841427573364	0.259665955401	0.0027092788587738	0.30778221124285304	0.977210119331	1.07407800109	102
RM	0.17750940837999998	0.21927159883000005	0.124036580361197	0.23155619501693	0.8969077411700002	0.891626817195	91
RN	0.220007588812	0.269374486304	0.12458040836123402	0.291697594576141	1.04237780744	0.909057670346	86
RP	0.15687736988700002	0.235302614935	0.228432096518344	0.28294327260527	0.924900842441	0.975938423671	103
RQ	0.000122651763626	0.248237147996	0.0378206104063184	0.269982483743533	0.979077914139	1.11201207214	43
RR	0.378267719485	0.332988683502	0.371794939334446	0.399387138079255	1.3798528142500002	1.20341900497	0
RS	0.164086333065	0.283766403529	0.162335789446175	0.299943524814185	0.905975445981	0.921657386584	110
RT	0.292480389235	0.248109030145	0.279555481452664	0.264280818821656	0.930099620718	0.926133688173	71
RV	0.00139788360303	0.276416648113	-0.0330920943391126	0.29590444482082	0.939716871784	0.968001453079	96
RW	0.0571296290245	0.26346976541	0.0765907093231778	0.304016043208015	1.04852251716	1.16250096989	101
RY	-0.014806829685	0.229923104836	-0.0777075384375243	0.267330137528154	0.954202249521	1.09256597926	77
SA	0.0899404087345	0.258782571218	0.107793871873309	0.27204764128201503	0.924345987112	0.924132845989	99
SC	0.129842498302	0.222372986171	0.0367608611185118	0.223058474267071	1.01397326604	0.993005387705	112
SD	0.14186203523399998	0.224720095037	0.138759720202688	0.243413282252482	0.964030117311	0.957065092604	65
SE	0.0852075557837	0.211511556844	0.106387799393912	0.22530753365071304	0.8719484412540001	0.905521116047	80
SF	-0.127708633755	0.235637981443	-0.132067231397777	0.28018368102858004	1.01857602177	1.11686725546	155
SG	0.0340850633354	0.247410544666	0.0512361520631876	0.290664679069033	1.04086112712	1.15394572291	56
SH	-0.0690121677221	0.195700686914	-0.0424592940535963	0.20676855230562505	0.993229417823	0.995348191327	89
SI	-0.116895906547	0.203848435406	-0.151681403872739	0.26306727454502	0.879766257345	1.00913852879	142
SK	-0.0632116077099	0.238431186954	-0.11032470246850802	0.26870557316166	0.834806944803	0.939419879387	121
SL	-0.0523917943449	0.221557429283	-0.12199129438065	0.25535749609458	0.995937158991	1.02379828999	145
SM	-0.0248003682159	0.155072982526	-0.0456197119265126	0.22204839360449305	0.8043557784440001	0.882196425129	135
SN	-0.0669393424521	0.221234772662	-0.111744446026566	0.271061543064341	0.897780551097	0.978394759246	46
SP	-0.0368469421614	0.258374486846	0.0301620551785431	0.299620444662033	1.16049151823	1.01896696563	74
SQ	-0.171710552124	0.209063392699	-0.118767725659459	0.218768570335883	0.97811739422	0.980871044882	68
SR	0.115511466253	0.272166133988	0.0999381341753212	0.33654291799334	0.964717747323	0.952650164683	110
SS	0.0116730973462	0.27074816431800003	0.0628052960398542	0.35559641058155605	1.36490952008	1.08815631971	0
ST	-0.00105903881605	0.225132963746	0.0969717217183254	0.290423527327617	1.01899997089	0.988206330718	58
SV	-0.0216731084167	0.21747472921100006	-0.0519947684165545	0.23017383636113894	0.96355092289	0.977271058518	124
SW	0.1049742821	0.237547366194	0.0669055894854833	0.24046170577183895	1.09173376333	1.05832648078	177
SY	-0.132394486762	0.224150228703	-0.146947432230523	0.258690777221521	0.943212301777	1.05527453466	144
TA	0.07871935171	0.234148407392	0.125119407826624	0.240533751984035	1.01445172178	0.995758801075	58
TC	0.14034435817	0.240969297277	0.0361354554672793	0.213531314608715	1.09809688015	0.909237149708	149
TD	0.219106992103	0.234812540677	0.23199245886395	0.258672544397685	0.947090244011	0.978961152113	85
TE	0.155710969019	0.22320990942	0.18051830491883605	0.242504756771262	0.913842618256	0.8784703509209999	65
TF	-0.0855010343823	0.276813311347	-0.105101653709406	0.317260083764592	1.09464414261	0.991442033163	103
TG	0.029269207519	0.232956203731	0.050744980517297006	0.263674432802482	1.06165791386	1.1490116794499998	59
TH	-0.0668393769488	0.15976438040899998	-0.0461465568500564	0.162688458762697	0.980835294948	0.984406593291	47
TI	-0.0987256368621	0.255810801736	-0.11258183042290598	0.2791827415831261	1.01558933513	1.00429241058	89
TK	-0.054180687012	0.248904858142	-0.0773638778388031	0.28282629934608	0.8546548630769999	0.815304066869	78
TL	0.0342693181495	0.26936401528000004	-0.0684449404875634	0.295034357711254	1.00563211557	1.06241399073	92
TM	0.00962905881793	0.20410738635	0.0303912840474845	0.20690777741965	0.890287339049	0.819586711549	81
TN	-0.0359418545267	0.224265768284	-0.0457520506093943	0.262221378981136	0.8922383920579999	0.920263539855	65
TP	0.0135702954934	0.259743943968	0.0813419275856257	0.288227810940083	1.0919423375	1.23635561536	38
TQ	-0.106733660802	0.15990805148499998	-0.0660582845303068	0.15422591630028698	0.895729105148	0.9006243480339999	42
TR	0.195952162309	0.27930399221	0.169661981962564	0.3106237232213029	0.815724209292	0.877013332616	71
TS	0.0689501344684	0.295482167551	0.121545400284171	0.32802461682281603	1.05112269006	0.977618848157	58
TT	0.0214090308468	0.272740557072	0.166384319343958	0.272995704660315	1.0895672853	1.06095886635	0
TV	0.027031354792	0.196006087703	0.0133617310916774	0.19574537843941506	1.1964480722600002	1.09537245253	69
TW	0.199505497984	0.223168665089	0.13889078573208	0.22385770880644296	1.09932343854	0.941964517605	128
TY	-0.15226785695999998	0.272620419144	-0.12940897716334102	0.24849355309898605	1.0001962643	0.971562677561	92
VA	-0.008332205975649999	0.26727411432500003	-0.0254446159782553	0.336293028281371	1.02212678281	1.02357344877	64
VC	-0.0512787137094	0.214659003532	-0.105264786424046	0.19314456086252	1.07047315188	1.07494827891	192
VD	0.255332144253	0.349468445651	0.0706047659286565	0.36368368528518497	1.00801759541	1.04399461131	152
VE	0.18723057932	0.34522188368600004	0.0276661699468386	0.32631648216070697	0.892795529552	1.01442805781	121
VF	-0.0831885753567	0.249221319494	-0.168181785115529	0.244212350139629	1.09609828722	0.993804628541	50
VG	-0.106563882648	0.296489046273	-0.16234058327132994	0.398844899047757	0.8671306368449999	0.93091334184	109
VH	-0.0264971078591	0.217194739645	-0.0351323955355937	0.222840381829506	1.01891589922	0.924633973922	84
VI	-0.00168226185238	0.270234682132	-0.169088268314567	0.268044102918968	1.10818968939	1.00392206051	29
VK	0.0860204305359	0.34895361745399994	-0.123336760208785	0.314382249569986	0.960351010656	0.940112005082	97
VL	-0.0492981833541	0.232661457653	-0.155583719455193	0.248025560400731	1.04548015209	1.00468971987	32
VM	0.0333792845689	0.20027578919	-0.0998766746879837	0.22208306945527104	0.9244480884	0.91982181823	21
VN	0.0327841123207	0.278035594745	-0.111327972110747	0.289029401323082	1.01887042541	0.984364156555	133
VP	-0.07539416854730001	0.234051353064	-0.0206714330813199	0.220309463666685	0.978614973781	1.00169326406	68
VQ	-0.0896837093674	0.226254302588	-0.0746314318856836	0.22801077237478096	0.942026430653	0.850976331487	96
VR	0.0618949246762	0.32958383664700003	-0.0230845157592886	0.3912381064084461	0.882263011865	0.984406132671	96
VS	-0.0643564337469	0.227917156168	-0.114370389841797	0.288502501205954	0.969215805326	1.05718321851	124
VT	0.102375410075	0.221358704715	0.0364717169684177	0.22548932399563	1.18728577089	1.07349439116	69
VV	-0.0932363085859	0.279957266294	-0.149153188215377	0.350242410436721	1.10286006533	1.11986445671	0
VW	-0.0237206185977	0.186414464974	-0.0867860544047025	0.169404677833916	0.987986822302	0.893956183554	88
VY	-0.179810339756	0.216314696538	-0.23461575992672495	0.231203926313972	1.00272495566	0.8979508835009999	55
WA	-0.08694050088230001	0.120767332201	-0.119545758989188	0.123303876890182	0.953714195667	0.809206926628	148
WC	-0.051768703674800014	0.08460239121379999	-0.06736800801285599	0.0900220992281639	0.934172101944	1.1665277860299998	215
WD	0.107968267801	0.118450446587	0.0742610767947854	0.108684144214592	1.11031104489	0.916484483877	181
WE	0.0270008479039	0.14839104338700002	0.020922645039955	0.121285467563703	0.948269410718	0.840775873125	152
WF	-0.168271427835	0.180265088958	-0.22138968280543	0.18864267688660305	1.05415558081	1.07462481696	40
WG	-0.211784558396	0.162749464259	-0.279955416318063	0.170643386595673	0.921309159184	0.881015614852	184
WH	-0.047475300871400006	0.0777982571711	-0.0375647336415201	0.0716495511593143	0.972807232614	1.19867394724	115
WI	0.288110224902	0.162609140833	0.232159331819253	0.177224611736718	1.04128924671	0.926527647345	61
WK	0.296115472017	0.21174770145	0.29836780443561	0.18373542861533604	1.17818226664	0.930019829406	110
WL	-0.0377979372372	0.180460524999	-0.166756968435005	0.210744376208322	1.02234034746	1.2095704404799998	61
WM	0.342109908665	0.136592044057	0.340415027585558	0.11223287365126597	1.1355845542899998	1.01851423988	67
WN	0.352852879045	0.215371316166	0.3474812707418	0.18992629319808105	1.25684228734	1.09424869855	174
WP	0.0148356697802	0.0594541511818	0.0163679811692726	0.0793168300338515	0.698690084311	0.8903677511239999	147
WQ	0.041133683798300014	0.13701782875600002	0.0933872931552018	0.140304418634384	0.930385392322	1.4506643069100005	130
WR	0.272788813455	0.177141438996	0.29810705912279	0.165904594397809	1.08487022317	1.18942137454	101
WS	0.105606360595	0.182837292262	0.0700042300265888	0.16088533940756194	0.8934103135700001	1.0261780944	177
WT	0.413477045669	0.22811102075	0.458946171866993	0.19025744461041294	1.04689795162	0.945782062711	128
WV	-0.341307803436	0.21022976583500005	-0.427086836979779	0.193560377444807	0.956357354198	0.900298170415	88
WW	-0.211885136789	0.158964390934	-0.22757719112478	0.149988795172746	1.38560344143	1.38598408711	0
WY	-0.277752753535	0.149165352482	-0.311815544554532	0.15156885367082298	1.0649707057100002	0.963155978603	37
YA	0.0188114343031	0.26436526771200003	0.0333570242262183	0.259493208243958	0.7484096819480001	0.8630589062	112
YC	0.00856703331421	0.1982081288	-0.124725881454147	0.21741759165119495	1.13678263519	1.19513615447	194
YD	0.125232016229	0.196698277571	0.124790602754193	0.205976218514158	0.993451327471	1.07402507825	160
YE	0.0234392536263	0.186062294963	0.0441695135843819	0.175973962638974	0.917195867357	0.9336655305	122
YF	-0.2168546408	0.263092578092	-0.31354921397545005	0.266212337388847	1.25430214678	1.16155452467	22
YG	0.0467066810887	0.249978890936	0.0501403437502779	0.26824896405772697	0.961796693963	1.03341745256	147
YH	-0.058042980126	0.158179839082	-0.0467840489400454	0.15274933047555406	1.08109532727	1.072265545	83
YI	-0.101406916483	0.309188515517	-0.252645415171611	0.28991208810093394	1.18198408406	0.896112639227	33
YK	-0.140987628946	0.266002982297	-0.24099952047186	0.267526306052083	0.995916580646	0.953953354956	85
YL	-0.019571663303400003	0.25611568955200004	-0.17075913148625102	0.25919943570567	0.998090785341	1.02956425884	36
YM	-0.150189027034	0.175338574322	-0.220895425971573	0.206252439218276	0.949829636009	0.736119697657	36
YN	-0.175055148077	0.241907098917	-0.275799399433762	0.241710879202918	1.12073963318	1.09825092672	143
YP	-0.0521678547094	0.177531769311	-0.0162140647804624	0.18710604598035	0.783097544912	1.00919082776	110
YQ	-0.0957714148791	0.142541777686	-0.0835427279506619	0.15067621931212802	1.00733580439	1.14811942817	99
YR	0.0424445122349	0.29104341643000003	-0.0493152254013074	0.329848840595584	1.08197240754	1.0958548654	77
YS	-0.0701733606672	0.207216736223	-0.113283990128889	0.24579681649005894	0.993123525632	1.02328082574	144
YT	0.0249124982143	0.134286662362	0.00823065128364547	0.125871146930578	1.02349635559	0.971273787535	92
YV	-0.0552679214889	0.25406095835000003	-0.0580115838834424	0.2540088751977561	0.974258021675	0.8919120913299998	55
YW	-0.0200750206218	0.144877115921	-0.0947291216851038	0.182047712008029	1.1552886421700002	1.10517724016	37
YY	-0.191495859839	0.260213367642	-0.27758746935329304	0.260479170768248	1.31399567487	1.21263312332	0
NA	0.100107417061	0.269982849674	0.112106902685987	0.28651718427859496	0.812045274771	0.8721890098180001	111
